96.24 3.18 19 2.43 -0.02 -2.41 1.12 -1.68 1.84 26 X Y 062076A        
100.04 0.50 20 -0.31 -1.66 1.97 0.14 0.30 -0.16 25 X Y 030877D        
95.58 4.26 65 -1.44 1.94 -0.50 2.78 -2.41 -0.85 25 X Y 052577B        
107.10 -8.73 33 1.15 -1.06 -0.08 1.09 -0.02 0.25 25 X Y 081477B        
101.66 -4.88 40 1.13 -0.99 -0.14 1.09 -0.78 0.73 25 X Y 111877B        
95.67 3.31 62 -0.22 0.21 0.01 0.25 -0.88 -1.11 25 X Y 120377A        
102.05 -5.49 15 1.64 -1.04 -0.60 4.28 -2.05 0.62 25 X Y 062478B        
100.76 -4.56 30 0.61 -0.23 -0.38 2.20 -1.51 0.42 25 X Y 011179A        
107.68 -11.26 20 0.09 1.98 -2.07 0.74 -2.28 -1.45 26 X Y 072479A        
94.24 1.23 39 0.08 -1.06 0.99 0.07 0.05 -1.96 26 X Y 092979A        
108.52 -7.98 72 6.79 -1.75 -5.04 -1.83 -0.25 -3.28 25 X Y 110279B        
101.42 -4.87 46 1.52 -0.80 -0.72 2.41 -1.59 1.06 25 X Y 111379B        
102.12 -3.53 26 -1.01 -6.66 7.67 1.43 -1.43 1.19 25 X Y 121579A        
97.60 3.90 48 0.09 -0.91 0.82 0.02 0.27 1.16 25 X Y 040180B        
108.64 -8.24 85 1.62 -0.30 -1.33 -0.91 -0.17 -1.08 25 X Y 041680B        
102.57 -5.87 30 2.36 -1.57 -0.80 4.07 -1.90 1.18 25 X Y 100880C        
93.78 6.50 29 0.47 -0.69 0.22 0.19 0.98 2.65 25 X Y 012082A        
93.71 6.81 22 -0.10 0.17 -0.07 0.47 0.30 1.83 25 X Y 012082B        
101.18 -7.03 29 -1.48 0.62 0.87 0.58 -1.35 -1.86 25 X Y 111182A        
103.04 -7.20 36 2.20 -1.29 -0.92 0.75 0.17 1.20 25 X Y 012283B        
93.39 12.99 73 1.02 -0.43 -0.59 -1.04 -1.06 0.74 26 X Y 012483D        
94.65 5.72 72 2.61 -1.85 -0.76 0.99 -1.10 -2.01 26 X Y 040483A        
103.97 -6.06 39 0.10 -1.01 0.91 0.05 -0.05 1.14 25 X Y 060884B        
97.84 -0.23 25 1.71 -0.67 -1.04 4.44 -3.34 0.94 26 X Y 111784A        
105.05 -7.00 43 1.59 -2.73 1.15 3.36 -0.07 0.61 25 X Y 032285B        
106.73 -6.84 150 0.64 -0.36 -0.29 4.00 -3.55 -0.66 25 X Y 100985A        
103.96 -5.91 20 0.10 -4.40 4.30 2.29 0.30 3.77 25 X Y 122785A        
103.94 -6.01 22 0.45 -1.29 0.85 0.23 0.15 1.49 25 X Y 122885D        
99.02 2.09 22 0.05 -4.57 4.52 0.68 1.34 1.71 25 X Y 042587C        
107.80 -7.58 66 1.07 -0.86 -0.21 -0.20 -0.01 0.61 25 X Y 081788A        
101.12 -4.75 15 0.18 -0.21 0.03 1.01 -0.75 0.16 25 X Y 042889F        
101.39 -4.21 15 0.21 -0.13 -0.07 1.17 -0.83 0.22 25 X Y 042889I        
95.93 3.55 50 1.84 -1.01 -0.83 1.08 -1.03 1.33 25 X Y 012290D        
93.86 7.75 15 0.14 0.10 -0.24 -0.33 0.09 1.13 25 X Y 081890C        
92.29 -2.20 23 0.61 -8.46 7.85 -4.63 0.67 -9.72 25 X Y 101590A        
97.52 4.02 15 0.10 -1.03 0.94 -0.26 -0.38 -0.49 26 X Y 111590A        
93.93 8.14 21 -0.14 -0.58 0.72 0.10 0.06 1.35 25 X Y 122990A        
99.50 -1.31 40 1.95 -0.49 -1.46 1.90 -1.95 1.28 25 X Y 070291D        
103.21 -6.31 36 2.72 -2.22 -0.50 2.54 -1.28 1.23 25 X Y 020692A        
102.93 -5.88 17 2.84 -2.21 -0.62 7.77 -3.83 1.52 25 X Y 041892A        
93.50 9.22 90 0.32 -1.08 0.76 -0.33 -0.43 0.19 25 X Y 120892E        
97.56 3.04 57 -1.16 0.83 0.33 1.21 -0.83 -0.38 25 X Y 012093B        
99.51 -1.81 17 1.85 -1.48 -0.37 4.21 -1.92 1.14 25 X Y 080493C        
95.92 2.85 15 0.96 -0.60 -0.37 2.18 -1.94 0.54 25 X Y 090193F        
104.27 -5.15 16 -0.07 -2.07 2.14 0.36 0.68 0.07 26 X Y 021594E        
97.34 -1.09 15 -1.60 0.43 1.17 0.05 -0.10 -0.96 25 X Y 050294B        
99.60 -2.16 15 1.31 -0.94 -0.37 3.96 -3.16 0.81 25 X Y 051194C        
99.40 -2.26 15 0.60 -0.45 -0.14 1.21 -0.90 0.36 25 X Y 051194F        
96.00 2.63 37 1.08 -1.13 0.05 1.01 -0.89 0.68 25 X Y 103194B        
101.31 -1.93 17 -0.05 -1.30 1.35 0.37 0.17 0.50 26 X Y 100695F        
102.97 -5.43 43 2.43 -1.95 -0.47 2.41 -1.14 1.39 25 X Y 110595E        
94.77 2.00 30 -0.56 -0.72 1.28 0.53 -0.32 -2.39 26 X Y 110895A        
97.78 3.43 23 -0.10 -2.54 2.64 -0.10 0.05 0.86 25 X Y 101096F        
107.44 -8.32 46 1.02 -1.12 0.09 0.79 -0.06 0.41 25 X Y 120996A        
105.41 -7.27 43 3.09 -2.88 -0.22 2.74 -0.45 1.11 25 X Y 031797C        
98.84 -0.78 42 2.16 -1.21 -0.95 2.12 -1.30 1.15 26 X Y 040198A        
104.46 -5.86 99 1.82 2.13 -3.96 0.51 -2.64 -2.98 25 X Y 081499A        
100.03 1.15 218 0.35 -0.50 0.15 0.08 -1.36 -1.23 25 X Y 111199C        
88.89 -1.21 15 -0.13 -1.35 1.49 -0.93 -0.41 -2.80 26 X Y 111599D        
88.98 -1.25 15 -0.06 -3.03 3.09 -1.00 0.29 -3.13 25 X Y 112999A        
105.54 -7.06 56 -0.09 -1.58 1.68 4.48 -1.39 -2.44 25 X Y 122199C        
101.94 -4.73 44 3.85 -3.96 0.11 0.04 -2.72 -5.99 27 X Y 060400D        
102.51 -5.39 36 1.28 -1.00 -0.28 1.41 -0.90 0.85 25 X Y 060600F        
101.82 -4.63 17 1.20 -0.09 -1.11 -0.23 -0.49 -0.09 26 X Y 060700D        
97.17 -13.47 15 1.58 2.77 -4.35 2.97 3.47 -5.89 27 X Y 061800A        
101.72 -5.75 15 1.07 -0.61 -0.47 0.40 0.04 0.80 25 X Y 091200G        
101.84 -5.22 33 0.01 -0.71 0.70 0.07 -0.67 -1.95 25 X Y 092200E        
105.43 -7.28 46 1.38 -1.16 -0.22 1.03 -0.20 0.47 26 X Y 102500D        
101.42 -4.38 20 0.85 -0.51 -0.33 1.57 -0.81 0.46 26 X Y 011601D        
102.36 -5.40 21 5.97 -3.77 -2.20 8.62 -4.96 3.05 26 X Y 021301D        
105.32 -6.17 20 -0.57 -0.53 1.09 -0.12 0.01 1.31 25 X Y 011502D        
103.76 -7.23 15 6.46 -4.99 -1.47 1.35 0.16 2.66 25 X Y 062702C        
93.17 13.33 22 4.42 1.15 -5.57 -3.10 2.16 -0.63 25 X Y 091302C        
95.99 2.65 23 4.54 -3.01 -1.53 5.35 -5.63 2.20 26 X Y 110202B        
96.05 2.89 27 1.11 -0.30 -0.81 1.10 -2.78 0.85 25 X Y 110202J        
107.22 -8.56 28 0.54 -0.30 -0.24 0.84 0.59 0.08 25 X Y 051403C        
93.35 12.16 84 0.35 -0.40 0.05 -0.17 -0.80 0.89 25 X Y 081103I        
100.31 -1.68 50 -0.81 -0.40 1.21 0.35 -0.12 0.46 25 X Y 022204A        
102.54 -5.35 18 -0.02 -0.22 0.25 0.88 -0.67 0.06 25 X Y 041604G        
97.58 0.18 24 0.73 -0.35 -0.38 1.06 -0.85 0.35 25 X Y 051104B        
104.38 -2.68 600 -0.80 0.46 0.34 -0.18 -0.45 -0.57 27 X Y 072504B        
94.26 3.09 29 1.04 -0.43 -0.61 2.98 -2.40 0.43 29 X Y 122604A        
92.79 6.61 14 5.26 -0.84 -4.41 3.95 -2.91 2.10 26 X Y 122604B        
92.45 8.58 12 0.94 -0.12 -0.81 0.02 -0.27 0.32 26 X Y 122604C        
94.11 8.91 33 3.80 -3.19 -0.60 0.54 1.57 -0.56 25 X Y 122604D        
92.63 13.59 27 -3.12 0.54 2.58 1.38 0.30 0.66 25 X Y 122604E        
92.84 13.49 14 0.75 1.36 -2.10 1.37 -0.22 0.57 25 X Y 122604F        
94.17 3.47 12 0.56 -0.44 -0.12 0.25 0.69 0.62 25 X Y 122604I        
94.04 2.59 12 1.01 -0.59 -0.42 1.10 -0.20 1.06 25 X Y 122604N        
94.48 5.21 41 0.86 -0.41 -0.45 0.72 -0.64 0.48 25 X Y 122704R        
93.97 9.12 12 -0.94 -0.20 1.14 0.48 -0.50 0.34 25 X Y 122904C        
92.43 7.10 12 1.41 -0.31 -1.10 -0.16 -0.21 0.73 25 X Y 123104A        
92.80 6.03 12 0.65 -0.01 -0.64 0.67 -0.17 0.63 25 X Y 123104H        
92.22 4.97 12 -0.05 -0.67 0.72 -0.29 -0.38 -0.85 26 X Y 200501010625A  
94.49 7.15 20 -0.11 -1.21 1.32 -0.49 0.18 1.03 25 X Y 200501011908A  
92.57 6.26 13 3.20 -0.12 -3.09 0.73 -2.45 1.23 25 X Y 200501021535A  
94.94 4.63 46 0.75 -0.42 -0.33 0.59 -0.56 0.47 25 X Y 200501092212A  
92.40 7.22 15 -0.91 -1.45 2.36 -0.11 -0.25 -2.03 25 X Y 200501240416A  
95.03 2.20 12 1.15 -0.93 -0.22 -0.15 0.03 0.45 25 X Y 200502050403A  
95.03 4.51 47 0.78 -0.45 -0.33 0.52 -0.47 0.47 25 X Y 200502091327A  
95.40 2.80 12 0.27 -0.18 -0.09 0.93 -1.06 0.17 26 X Y 200502261256A  
97.07 1.67 26 0.27 -0.11 -0.15 0.84 -0.57 0.15 29 X Y 200503281609A  
95.21 2.67 24 1.25 -0.81 -0.45 1.74 -1.91 0.82 25 X Y 200503301619A  
98.12 0.24 32 0.59 -0.29 -0.31 0.96 -0.77 0.42 25 X Y 200504030059A  
97.74 1.81 46 1.98 -0.90 -1.08 1.75 -1.12 1.19 25 X Y 200504030310A  
97.71 -0.46 12 0.58 -1.29 0.71 0.80 0.30 1.12 25 X Y 200504080548A  
99.54 -1.68 12 1.29 -0.50 -0.78 -0.28 0.40 0.52 26 X Y 200504101029A  
99.64 -1.77 15 6.03 -6.87 0.84 -0.37 1.12 1.64 25 X Y 200504101114A  
99.58 -1.66 17 0.63 -0.45 -0.18 -1.62 0.81 0.37 25 X Y 200504101724A  
96.48 1.92 24 0.73 -0.39 -0.33 0.75 -0.83 0.50 25 X Y 200504110611A  
97.46 1.67 34 2.00 -0.62 -1.38 3.11 -1.85 1.39 25 X Y 200504161638A  
96.55 1.84 23 1.16 -0.73 -0.43 1.50 -1.59 0.75 25 X Y 200504281407A  
103.04 -6.47 12 2.80 -1.96 -0.85 1.58 -0.15 1.30 25 X Y 200505100109A  
98.24 0.42 39 1.01 -0.26 -0.74 0.57 -0.96 0.50 26 X Y 200505140505A  
93.21 5.58 37 0.17 -0.86 0.69 -0.62 0.27 -1.41 25 X Y 200505181137A  
96.74 1.88 12 0.56 -0.41 -0.15 1.60 -1.63 0.32 26 X Y 200505190154A  
96.46 1.86 24 0.76 -0.43 -0.32 0.72 -0.71 0.46 25 X Y 200506080628A  
96.93 1.56 16 0.27 -0.11 -0.16 0.85 -0.74 0.17 26 X Y 200507050152A  
91.88 7.92 12 0.02 -0.72 0.70 -0.31 0.13 -0.41 27 X Y 200507241542A  
96.51 1.89 23 1.81 -1.00 -0.81 2.20 -2.50 1.07 25 X Y 200511191410A  
92.17 11.83 12 0.47 0.12 -0.59 0.14 -1.48 0.06 25 X Y 200602032034A  
93.22 2.70 17 -0.44 -1.29 1.73 -0.26 -0.94 -1.80 25 X Y 200604192036A  
96.77 1.78 12 0.76 -0.52 -0.24 2.50 -2.72 0.47 25 X Y 200604251826A  
96.98 0.01 14 -1.09 0.31 0.78 0.66 -0.79 -1.93 26 X Y 200605161528A  
92.46 6.83 12 1.33 -0.22 -1.11 -0.03 -0.30 0.55 25 X Y 200606211234A  
92.57 6.31 12 2.42 0.04 -2.47 0.36 -1.78 0.75 25 X Y 200606271807A  
107.78 -10.28 20 1.63 -1.32 -0.31 4.31 -0.58 0.31 27 X Y 200607170819A  
107.82 -9.14 21 -0.78 0.60 0.19 0.87 -0.20 -0.30 25 X Y 200607170913A  
108.29 -9.57 12 -0.93 0.91 0.02 1.59 -0.36 -0.19 25 X Y 200607171545A  
105.21 -7.18 46 1.61 -1.56 -0.04 0.95 0.02 0.91 25 X Y 200607191057A  
97.01 1.66 15 0.58 -0.20 -0.38 2.51 -2.15 0.28 25 X Y 200607271116A  
96.18 2.10 21 0.86 -0.56 -0.30 1.46 -1.42 0.54 25 X Y 200608112054A  
99.05 3.46 208 0.50 -0.26 -0.24 -0.66 -3.68 -0.64 25 X Y 200612010358A  
92.11 10.70 22 1.00 0.05 -1.04 0.55 -1.93 0.27 25 X Y 200612221950A  
92.30 8.03 12 1.38 -0.30 -1.08 0.01 -0.90 0.63 25 X Y 200701081248A  
100.53 -0.65 21 -0.55 -4.36 4.91 -0.53 -0.10 2.65 25 X Y 200703060349A  
100.47 -0.51 22 -0.07 -2.88 2.95 -0.48 -0.35 1.57 25 X Y 200703060549A  
95.48 2.74 12 0.39 -0.26 -0.12 1.18 -1.31 0.29 25 X Y 200704070951A  
108.12 -10.65 17 -0.84 1.37 -0.52 0.37 0.07 -0.47 25 X Y 200706262223A  
92.52 7.06 12 1.09 -0.25 -0.84 -0.06 -0.16 0.56 25 X Y 200707252337A  
107.58 -6.03 305 0.96 -1.15 0.19 2.00 0.65 1.00 27 X Y 200708081704A  
100.99 -3.78 24 1.80 -0.89 -0.92 5.45 -3.46 0.97 28 X Y 200709121110A  
100.13 -2.46 43 4.93 -2.80 -2.12 5.41 -3.53 2.47 27 X Y 200709122348A  
99.54 -1.94 35 0.84 -0.59 -0.25 0.22 -0.23 0.15 26 X Y 200709130230A  
99.39 -2.31 17 1.50 -0.85 -0.65 3.32 -2.96 0.90 26 X Y 200709130335A  
101.17 -3.52 52 0.86 -0.49 -0.37 0.62 -0.33 0.59 25 X Y 200709131609A  
100.88 -4.46 15 1.18 -0.62 -0.56 3.55 -2.14 0.82 25 X Y 200709140601A  
100.60 -3.02 46 0.81 -0.38 -0.43 0.65 -0.37 0.55 25 X Y 200709190727A  
99.85 -2.24 32 0.79 -0.52 -0.27 0.89 -0.56 0.47 26 X Y 200709200831A  
99.20 -2.13 25 0.65 -0.46 -0.20 1.40 -0.92 0.48 25 X Y 200709261543A  
95.39 2.71 15 0.24 -0.17 -0.07 0.64 -0.81 0.16 25 X Y 200709290537A  
92.83 2.47 12 -0.23 -1.24 1.47 -0.83 -1.04 -1.98 25 X Y 200710041240A  
100.81 -4.40 20 0.88 -0.48 -0.39 1.77 -1.13 0.45 26 X Y 200710242102A  
96.58 1.92 25 0.51 -0.32 -0.19 1.16 -1.44 0.33 25 X Y 200712221226A  
100.69 -3.09 46 0.96 -0.48 -0.48 0.65 -0.46 0.60 25 X Y 200801040729A  
97.18 0.87 23 1.38 -0.43 -0.95 1.42 -1.53 0.70 25 X Y 200801221714A  
95.98 2.69 15 0.43 -0.29 -0.14 0.79 -0.66 0.20 27 X Y 200802200808A  
99.73 -2.63 15 1.28 -0.71 -0.57 5.54 -3.86 0.80 25 X Y 200802241446A  
99.95 -2.66 14 1.52 -0.89 -0.63 6.30 -4.28 0.80 26 X Y 200802250836A  
99.73 -2.58 15 0.21 -0.12 -0.09 0.81 -0.57 0.13 26 X Y 200802251806A  
99.70 -2.46 17 0.38 -0.22 -0.16 1.17 -0.78 0.22 26 X Y 200802252102A  
99.68 -2.42 23 1.04 -0.65 -0.39 1.66 -0.83 0.64 25 X Y 200803030237A  
94.51 2.47 12 1.22 -0.66 -0.56 0.29 -0.51 0.65 25 X Y 200803151443A  
95.17 2.66 20 1.18 -0.76 -0.42 2.66 -2.71 0.81 25 X Y 200803291730A  
99.14 1.64 16 -0.09 -1.03 1.12 0.09 0.27 0.67 25 X Y 200805191426A  
91.82 10.92 17 -0.56 -0.41 0.97 -0.19 0.16 0.24 26 X Y 200806271140A  
91.80 10.90 12 -1.25 -0.04 1.29 0.83 -0.39 0.51 25 X Y 200806281254A  
91.83 10.96 16 -0.58 -1.76 2.34 -0.32 0.25 0.30 25 X Y 200808100820A  
101.07 -4.73 20 2.07 -1.06 -1.01 2.92 -1.41 1.32 25 X Y 200811221600A  
100.16 -3.40 15 0.97 -0.51 -0.46 2.50 -1.70 0.55 25 X Y 200904152001A  
92.94 14.16 22 -1.51 0.49 1.03 0.38 0.43 1.43 27 X Y 200908101955A  
99.45 -1.56 12 1.10 -0.16 -0.94 -0.22 0.52 0.34 26 X Y 200908160738A  
107.33 -8.12 53 3.82 -1.68 -2.14 1.43 -1.28 -0.82 26 X Y 200909020755A  
99.67 -0.79 78 1.76 -0.76 -0.99 0.66 -0.99 -1.94 27 X Y 200909301016A  
101.59 -2.45 15 -0.01 -0.88 0.89 0.30 0.17 0.25 26 X Y 200910010152A  
105.09 -7.07 45 1.47 -1.38 -0.09 0.71 -0.06 0.72 25 X Y 200910160952A  
91.86 8.05 20 0.11 -1.12 1.01 0.00 -0.33 -0.39 25 X Y 200911100248A  
100.52 -4.04 20 0.50 -0.26 -0.24 0.96 -0.63 0.27 26 X Y 201003051606A  
92.76 13.58 30 -0.50 -0.13 0.62 0.10 -0.38 0.93 26 X Y 201003301654A  
96.74 2.07 18 1.72 -1.06 -0.66 4.97 -3.98 0.77 27 X Y 201004062215A  
100.77 -4.28 12 2.47 -1.25 -1.22 6.32 -4.26 1.46 25 X Y 201005051629A  
95.78 3.36 37 0.45 -0.28 -0.18 0.63 -0.53 0.23 27 X Y 201005090559A  
93.70 11.16 128 2.33 -4.03 1.70 -4.21 -1.88 2.66 25 X Y 201005311951A  
91.65 7.85 33 0.77 -1.76 0.99 0.23 -1.00 -0.63 27 X Y 201006121926A  
99.32 -3.71 12 1.91 -1.01 -0.91 5.03 -4.15 0.80 27 X Y 201010251442A  
99.97 -3.37 23 1.95 -0.88 -1.07 1.97 -1.36 0.94 25 X Y 201010251937A  
102.45 -5.37 35 0.84 -0.54 -0.31 0.75 -0.50 0.43 25 X Y 201101171920A  
96.52 1.87 23 0.75 -0.43 -0.32 0.66 -0.79 0.38 25 X Y 201101261542A  
107.72 -10.10 21 -1.18 1.42 -0.24 0.27 -0.30 -0.89 26 X Y 201104032006A  
103.93 -6.68 31 1.20 -0.92 -0.28 0.93 -0.59 0.62 25 X Y 201108222012A  
97.86 2.88 95 -0.28 0.24 0.04 0.86 -0.98 -0.39 26 X Y 201109051755A  
92.98 2.59 24 -0.51 -2.96 3.47 -1.07 -0.90 -6.68 26 X Y 201201101837A  
92.82 2.35 46 0.13 -0.62 0.49 -0.18 0.10 -0.69 29 X Y 201204110838A  
92.31 0.90 55 0.55 -1.90 1.35 -0.34 -0.29 -2.36 28 X Y 201204111043A  
90.31 2.49 33 -0.06 -1.45 1.51 -1.44 -0.47 -2.32 25 X Y 201204150557A  
97.77 2.98 105 0.21 0.01 -0.22 1.09 -1.33 -1.24 25 X Y 201206230434A  
95.93 2.46 20 2.17 -1.54 -0.63 2.50 -2.80 0.99 25 X Y 201207250027A  
100.32 -3.58 12 0.99 -0.47 -0.52 2.28 -1.86 0.55 25 X Y 201209140451A  
96.02 4.95 17 -0.08 -1.56 1.64 -0.74 0.00 -0.31 25 X Y 201301212222A  
107.37 -10.15 13 -0.90 0.92 -0.02 0.30 -0.11 -0.56 26 X Y 201306131647A  
96.68 4.74 16 -0.04 -1.51 1.55 -1.07 -0.17 -0.52 25 X Y 201307020737A  
100.22 -3.58 21 0.87 -0.38 -0.50 1.10 -0.72 0.46 25 X Y 201307060505A  
96.58 1.91 21 0.68 -0.42 -0.26 0.71 -0.88 0.35 25 X Y 201312010629A  
109.27 -8.36 76 -1.28 1.18 0.10 -1.56 0.58 -0.34 25 X Y 201401250514A  
94.32 7.73 16 -0.61 -3.65 4.26 -1.44 0.07 2.78 25 X Y 201403211341A  
92.69 4.33 46 1.40 -0.80 -0.60 -0.04 0.05 -0.87 25 X Y 201405180102A  
91.06 -10.02 13 3.39 -2.79 -0.60 -2.56 0.41 -5.08 25 X Y 201406141111A  
96.74 1.72 20 0.64 -0.42 -0.23 0.92 -1.07 0.31 25 X Y 201407050939A  
98.58 -0.72 24 1.38 -0.74 -0.64 1.47 -1.23 0.71 25 X Y 201503031037A  
102.14 -2.61 158 0.38 -1.05 0.67 -0.10 -0.79 -0.81 25 X Y 201505152026A  
94.78 6.76 15 -0.04 -0.76 0.80 -0.18 -0.05 0.24 26 X Y 201511081647A  
94.22 -4.75 37 0.16 -1.11 0.94 0.01 0.28 -5.83 27 X Y 201603021249A  
107.42 -8.41 42 1.18 -1.17 -0.01 0.87 -0.11 0.38 25 X Y 201604061445A  
100.57 -2.18 29 -0.02 0.01 0.00 0.57 -1.16 -0.00 26 X Y 201606012256A  
108.07 -4.95 623 -0.89 0.40 0.50 -0.42 -0.48 -0.38 26 X Y 201610190026A  
96.22 5.28 17 0.14 -0.75 0.60 -0.49 0.19 0.34 26 X Y 201612062203A  
92.17 6.23 17 -0.33 -0.54 0.87 0.08 -0.21 -0.84 25 X Y 201703140251A  
101.43 -3.81 43 4.21 -1.82 -2.39 3.61 -2.88 2.21 25 X Y 201708130308A  
99.59 -1.23 49 3.06 -1.37 -1.70 1.68 -2.18 1.59 25 X Y 201708311706A  
108.11 -7.91 109 0.22 0.50 -0.73 0.38 -0.28 -0.27 26 X Y 201712151647A  
106.16 -7.18 53 0.22 -1.02 0.80 0.82 0.57 -0.17 25 X Y 201801230634A  
99.86 -3.11 28 0.82 -0.38 -0.45 1.42 -1.22 0.41 25 X Y 201902020927A  
99.95 -3.04 15 0.43 -0.15 -0.28 2.16 -1.60 0.26 25 X Y 201902021059A  
97.65 0.35 14 0.47 -0.23 -0.24 0.89 -0.86 0.23 25 X Y 201906030557A  
104.85 -7.40 52 2.11 -0.95 -1.17 0.88 -0.26 -1.76 26 X Y 201908021203A  
101.04 -4.57 12 0.45 -0.20 -0.25 1.25 -0.95 0.28 25 X Y 201910142223A  
96.27 2.21 12 1.22 -0.81 -0.42 2.61 -2.79 0.63 25 X Y 202001070605A  
95.04 11.94 12 -0.50 0.50 0.00 0.62 0.16 1.69 25 X Y 202007171403A  
100.99 -4.56 23 0.72 -0.39 -0.33 0.93 -0.63 0.38 26 X Y 202008182223A  
100.86 -4.47 25 1.23 -0.56 -0.67 2.71 -1.90 0.61 26 X Y 202008182229A