1.149 17 17 -0.18 1.85 -1.67 -2.62 -1.03 -3.81 25 X Y 080493C
1.046 15 15 -0.07 1.31 -1.24 -1.77 -0.63 -4.75 25 X Y 051194C
0.823 15 15 -0.05 0.60 -0.54 -0.57 -0.31 -1.39 25 X Y 051194F
2.630 17 17 -0.16 -0.05 0.21 -0.40 -1.40 -0.04 26 X Y 100695F
1.901 50 50 0.43 -0.81 0.38 -0.24 -0.93 -0.28 25 X Y 022204A
1.241 12 12 -0.12 1.29 -1.16 0.03 -0.12 0.49 26 X Y 200504101029A
1.281 15 15 -3.38 6.03 -2.65 -0.26 -4.17 1.15 25 X Y 200504101114A
1.286 17 17 -0.05 0.63 -0.58 0.97 -0.29 1.53 25 X Y 200504101724A
1.346 43 43 -0.44 4.93 -4.48 -2.82 -1.46 -5.81 27 X Y 200709122348A
1.107 35 35 -0.37 0.84 -0.47 -0.07 -0.22 -0.31 26 X Y 200709130230A
0.788 17 17 -0.00 1.50 -1.50 -1.32 -0.51 -4.25 26 X Y 200709130335A
1.219 32 32 -0.04 0.79 -0.75 -0.48 -0.33 -0.94 26 X Y 200709200831A
0.718 25 25 0.03 0.65 -0.69 -0.73 -0.34 -1.51 25 X Y 200709261543A
0.915 15 15 0.03 1.28 -1.31 -2.76 -0.44 -6.16 25 X Y 200802241446A
1.089 14 14 -0.12 1.52 -1.40 -3.20 -0.49 -6.91 26 X Y 200802250836A
0.941 15 15 0.00 0.21 -0.21 -0.40 -0.07 -0.91 26 X Y 200802251806A
0.977 17 17 -0.01 0.38 -0.37 -0.60 -0.13 -1.27 26 X Y 200802252102A
0.981 23 23 -0.02 1.04 -1.02 -1.00 -0.42 -1.57 25 X Y 200803030237A
1.867 29 29 0.01 -0.02 0.00 0.11 0.00 -1.29 26 X Y 201606012256A
