1.461 46 46 0.09 0.81 -0.90 -0.37 -0.24 -0.65 25 X Y 200709190727A
1.502 46 46 0.05 0.96 -1.01 -0.32 -0.28 -0.73 25 X Y 200801040729A
0.888 15 15 -0.01 0.97 -0.96 -1.27 -0.28 -2.74 25 X Y 200904152001A
2.603 15 15 -0.19 -0.01 0.20 -0.34 -0.90 -0.01 26 X Y 200910010152A
0.008 12 12 -0.28 1.91 -1.64 -2.18 -0.42 -6.15 27 X Y 201010251442A
0.740 23 23 -0.10 1.95 -1.85 -0.99 -0.36 -2.18 25 X Y 201010251937A
0.933 12 12 0.00 0.99 -0.99 -1.00 -0.24 -2.77 25 X Y 201209140451A
0.847 21 21 -0.01 0.87 -0.87 -0.57 -0.16 -1.18 25 X Y 201307060505A
2.992 158 158 -1.31 0.38 0.93 0.49 -0.38 -0.63 25 X Y 201505152026A
0.780 28 28 -0.04 0.82 -0.79 -0.59 -0.16 -1.78 25 X Y 201902020927A
0.893 15 15 0.04 0.43 -0.47 -1.03 -0.07 -2.48 25 X Y 201902021059A
