0.806 30 30 0.10 0.61 -0.71 -1.11 -0.13 -2.43 25 X Y 011179A
2.502 26 26 -1.82 -1.01 2.83 -0.49 -6.88 -1.96 25 X Y 121579A
1.017 15 15 -0.01 0.18 -0.17 -0.48 -0.18 -1.16 25 X Y 042889F
1.526 15 15 0.08 0.21 -0.28 -0.58 -0.13 -1.31 25 X Y 042889I
1.464 20 20 -0.06 0.85 -0.78 -0.93 -0.30 -1.50 26 X Y 011601D
4.877 600 600 -0.07 -0.80 0.87 0.39 0.32 -0.29 27 X Y 072504B
1.404 24 24 -0.04 1.80 -1.77 -2.89 -0.44 -5.77 28 X Y 200709121110A
1.692 52 52 0.06 0.86 -0.92 -0.36 -0.33 -0.60 25 X Y 200709131609A
0.960 15 15 0.12 1.18 -1.30 -1.94 -0.41 -3.66 25 X Y 200709140601A
0.931 20 20 -0.06 0.88 -0.81 -0.94 -0.25 -1.88 26 X Y 200710242102A
0.984 20 20 0.12 2.07 -2.19 -1.78 -0.64 -2.71 25 X Y 200811221600A
0.867 20 20 -0.02 0.50 -0.48 -0.50 -0.14 -1.03 26 X Y 201003051606A
0.958 12 12 0.05 2.47 -2.52 -3.23 -0.70 -6.90 25 X Y 201005051629A
-10.321 13 13 -6.69 3.39 3.30 1.98 1.42 1.67 25 X Y 201406141111A
1.766 43 43 -0.02 4.21 -4.19 -1.61 -0.79 -4.33 25 X Y 201708130308A
1.041 12 12 0.03 0.45 -0.48 -0.58 -0.11 -1.46 25 X Y 201910142223A
1.003 23 23 -0.04 0.72 -0.68 -0.47 -0.21 -1.02 26 X Y 202008182223A
0.938 25 25 -0.05 1.23 -1.18 -1.35 -0.24 -3.02 26 X Y 202008182229A
