101.2411	-4.2069	26	6.9
101.1347	-4.3217	22	6.8
94.9362	11.8485	10	6.1
96.3575	2.3481	17	6.3
104.7907	-7.2822	49	6.9
100.0743	-2.8462	20	6
108.1743	-7.4921	90	6.5
99.6881	-1.159	43.14	6.3
101.6228	-3.7682	31	6.4
92.3044	6.1457	10	6
96.1678	5.2834	13	6.5
108.1627	-4.8626	614	6.6
100.6654	-2.0967	50	6.6
107.3857	-8.2036	29	6.1
94.3299	-4.9521	24	7.8
94.648	6.8431	10	6.6
102.2191	-2.542	151	6
98.7161	-0.7789	28	6.1
96.9388	1.9335	20	6
91.0921	-10.1229	4	6.5
92.7574	4.2485	35	6
94.3342	7.7448	21.54	6.4
109.2653	-7.9855	66	6.1
96.8261	2.044	20	6
100.564	-3.269	21	6
96.665	4.645	13	6.1
107.236	-10.004	9	6.7
95.907	4.927	12	6.1
100.594	-3.319	19	6.2
96.045	2.707	22	6.4
97.896	3.009	95	6.1
90.269	2.581	25	6.2
92.463	0.802	25.1	8.2
91.735	1.254	10	6
93.063	2.327	20	8.6
93.21	2.433	19	7.2
97.893	2.965	91	6.7
104.054	-6.282	29	6.1
97.086	1.612	20	6
107.693	-9.848	14	6.7
96.829	2.205	23	6.1
102.647	-5.03	36	6
100.372	-2.958	26	6.3
100.082	-3.487	20.1	7.8
91.936	7.881	35	7.5
93.471	11.132	112	6.5
96.018	3.748	38	7.2
101.096	-4.054	27	6.5
97.048	2.383	31	7.8
92.831	13.667	34	6.6
100.991	-3.762	26	6.8
99.393	-1.434	19	6
95.91	2.759	21	6
91.899	8.082	23	6
105.223	-6.534	38	6.1
101.524	-2.482	9	6.6
99.867	-0.72	81	7.6
107.297	-7.782	46	7
99.49	-1.479	20	6.7
92.902	14.099	24	7.5
100.471	-3.115	22	6.3
101.259	-4.348	24	6.3
91.814	11.055	20	6.2
91.712	10.847	15	6.1
91.824	11.005	17	6.6
99.147	1.64	10	6
95.296	2.855	20	6.3
94.596	2.708	25	6
99.823	-2.18	25	6.2
99.808	-2.245	25	6.7
99.891	-2.332	25	6.6
99.972	-2.486	25	7.2
99.931	-2.405	22	6.5
95.964	2.768	26	7.4
97.442	1.011	20	6.2
101.032	-2.782	35	6
96.806	2.087	23	6.1
100.413	-2.238	35	6
101.02	-3.899	21	6.8
92.903	2.543	35	6.2
95.523	2.9	35	6
99.488	-1.787	26	6.1
100.141	-1.999	30	6.7
100.892	-2.746	35	6
101.169	-4.075	23	6.4
101.524	-3.172	53	6
99.627	-2.13	22	7
99.668	-1.689	28.9	6.5
100.841	-2.625	35	7.9
101.367	-4.438	34	8.4
107.419	-5.859	280	7.5
107.681	-5.926	291.2	6.1
92.518	7.157	15	6.1
108.149	-10.492	10	6
95.7	2.916	30	6.1
100.53	-0.488	11	6.3
100.498	-0.493	19	6.4
92.437	8.077	11	6.1
92.361	10.653	24	6.2
99.079	3.39	204	6.3
96.348	2.403	22	6.2
97.146	1.707	20	6.3
105.389	-6.535	45	6.1
108.319	-9.42	21	6.1
107.76	-9.087	10	6
107.419	-9.284	20	7.7
92.793	6.501	28.8	6.3
92.454	6.938	16	6
97.05	0.093	12	6.8
96.995	1.994	21	6.3
93.226	2.643	17	6.2
92.372	11.86	19	6.1
96.786	2.164	21	6.5
92.19	7.92	16	7.2
97.082	1.819	21	6.7
96.724	2.17	23.5	6.1
97.041	1.989	30	6.9
93.357	5.439	2.5	6.1
98.459	0.587	34	6.7
103.139	-6.226	17	6.3
96.799	2.132	22	6.2
97.662	1.812	31	6.4
96.759	2.169	24	6.1
99.717	-1.591	30	6.4
99.779	-1.714	30	6.5
99.607	-1.644	19	6.7
97.731	-0.215	20.9	6.1
97.942	2.022	36	6.3
98.319	0.368	30	6
95.414	2.993	22	6.3
97.867	0.923	36.1	6.1
97.108	2.085	30	8.6
95.592	2.908	36	6.8
95.117	4.797	44.5	6
94.992	2.255	30	6
94.602	2.699	22.2	6.2
92.482	7.33	30	6.3
105.236	-6.462	58.7	6
95.108	4.926	40	6.1
92.362	10.672	23.2	6.1
92.787	6.36	30	6.4
94.455	7.336	55.4	6.1
92.304	5.099	11.7	6.7
92.913	6.204	11	6
92.533	7.12	14	6.1
93.198	8.791	12	6.2
93.756	9.109	8	6.1
94.65	5.348	35	6.1
94.162	2.794	30	6.1
94.086	3.651	17.8	6
92.84	13.533	13.3	6.2
92.738	13.462	26.4	6.3
92.375	8.879	16.1	6.6
93.428	7.808	25	6
92.958	6.91	39.2	7.2
94.667	6.848	30	6
94.213	5.499	30	6.1
93.985	7.421	30	6
93.361	6.34	30	6.1
95.982	3.295	30	9.1
103.981	-2.427	582.1	7.3
97.825	0.415	21	6.1
102.718	-5.214	44.5	6
100.488	-1.559	42	6
93.53	12.124	100.2	6
107.315	-8.06	79.1	6
96.394	2.954	27	6.3
96.085	2.824	30	7.4
93.068	13.036	21	6.5
104.181	-6.963	11	6.5
105.205	-6.314	10	6.1
94.013	8.656	33	6
102.562	-4.68	36	7.4
101.776	-4.022	28	6.9
101.746	-3.957	33	6
105.63	-6.549	38	6.8
102.104	-4.964	33	6.2
101.823	-5.435	33	6
96.591	1.438	33	6
97.453	-13.802	10	7.9
102.679	-5.549	33	6
101.905	-4.612	33	6.7
102.699	-5.093	33	6.2
102.102	-4.646	33	6.7
102.087	-4.721	33	7.9
105.555	-6.845	56	6.5
89.043	-1.275	10	6.4
88.976	-1.339	10	7
100.322	1.276	211	6.2
104.711	-5.885	101.4	6.4
94.305	7.324	33	6
99.261	-0.544	55.7	7
96.494	4.358	33	6
105.514	-6.614	33	6.4
107.489	-7.936	50.9	6.1
97.943	3.445	33	6.3
95.05	1.833	33	6.9
103.22	-4.92	36.2	6.3
101.436	-2.045	33	6.8
104.062	-5.561	45.4	6
97.591	4.33	153.4	6.1
96.192	3.019	29.4	6.2
99.669	-2.056	28	6.1
99.77	-2.008	20.5	6.5
97.487	-1.116	15.1	6.1
104.302	-4.967	23.1	6.9
103.664	-4.859	89.9	6
96.122	2.986	34	6.3
99.615	-1.629	31.6	6.5
97.633	3.144	67.8	6.2
93.479	9.291	66	6
103.001	-5.454	29.3	6.6
103.156	-5.72	36.8	6.5
99.843	-1.068	53.8	6.4
94.061	8.257	18	6.1
97.457	3.908	48.4	6.7
92.249	-2.211	32.2	6.8
93.975	7.507	21.4	6
96.1	3.885	45.7	6.2
92.987	-10.681	14.8	6
101.37	-4.21	32.4	6.1
101.413	-4.354	27.4	6
107.15	-7.698	27.1	6
100.033	-2.229	33	6
98.866	2.244	11.1	6.4
94.165	8.8	27	6
104.288	-5.801	33	6.2
104.191	-5.763	24.5	6.5
107.082	-6.791	153.8	6.5
105.419	-6.584	69.7	6.4
104.263	-6.494	33	6.1
102.255	-7.993	33	6.4
98.027	0.197	33	7.1
104.169	-5.796	33	6.1
106.957	-7.641	52.1	6
95.039	4.75	66.4	6.1
94.722	5.723	78.5	6.9
93.582	12.942	78	6.8
102.976	-6.713	29	6.1
103.027	-6.672	40	6
101.63	-6.65	33	6.3
93.944	7.119	27	6.2
94.002	6.946	18.9	6.3
93.35	8.398	33	6.2
103.118	-5.366	33	6.3
103.958	-5.977	33	6
102.712	-3.299	33	6.6
102.015	-4.437	47	6.3
108.252	-7.656	62	6.1
94.245	1.193	27	6.8
107.709	-11.149	31	6.9
101.252	-4.08	32	6.2
102.356	-5.06	33	6.4
100.021	0.451	22	6
96.318	3.397	33	7
