2.752 25.53 25.53 4.3
1.420 53.98 53.98 4.7
1.091 38.48 38.48 4.4
0.830 10 10 4.3
0.626 10 10 5
1.198 26.8 26.8 4.1
2.862 34.11 34.11 4.3
1.478 51.37 51.37 4.8
1.201 28.42 28.42 4.6
1.598 36.69 36.69 5.2
2.299 100.64 100.64 4
1.703 46.15 46.15 4.1
2.301 96.99 96.99 4.6
1.235 35 35 4.3
2.652 61.43 61.43 4.3
2.025 98.03 98.03 5
0.635 26.98 26.98 5.2
1.953 81.1 81.1 5.2
0.381 10 10 4.9
0.191 17.41 17.41 4.4
0.341 19 19 5.5
0.369 10 10 5.4
0.372 10 10 5.6
0.250 9 9 5.9
2.014 90.76 90.76 4.2
1.561 48.8 48.8 4.7
1.636 43.14 43.14 6.3
1.493 35 35 4.5
1.874 36.3 36.3 4
0.727 10 10 4.7
-4.801 10 10 4.1
2.593 8.07 8.07 5.1
-4.647 15.13 15.13 5.2
2.838 170.3 170.3 4.2
-4.650 15.16 15.16 4.5
1.694 41.28 41.28 4.3
-4.661 10 10 4.4
-4.618 14.13 14.13 4.7
-4.594 10 10 4.5
-4.439 10 10 5.4
-4.697 10 10 4.5
-4.673 10 10 4.8
-4.831 10 10 4.5
-4.793 17.55 17.55 4.5
-4.729 10 10 4.3
-4.683 15.69 15.69 4.4
-4.782 10 10 4.6
1.641 61.72 61.72 5.2
-10.411 10 10 4.4
2.784 95.89 95.89 4.3
1.241 16.11 16.11 4.5
2.743 10 10 3.7
1.881 79.13 79.13 4.3
0.434 29.86 29.86 4
0.998 28 28 6.1
2.153 104.07 104.07 4.3
2.780 6.94 6.94 3.7
1.698 75.28 75.28 4.1
1.091 10 10 4.9
2.751 35 35 4.1
2.664 35 35 4.3
2.612 31.43 31.43 4.8
1.418 63.28 63.28 4.4
2.280 51.06 51.06 4.4
1.357 30.17 30.17 4.3
0.965 30.78 30.78 4.5
-0.386 31.38 31.38 4.3
0.585 30.5 30.5 4.4
1.055 41.96 41.96 4.4
1.926 78.69 78.69 4.6
1.652 54.08 54.08 4.5
1.784 71.39 71.39 4.1
1.297 40.07 40.07 4.5
2.482 25.42 25.42 4.1
1.931 84.3 84.3 4.5
2.871 164.8 164.8 4.7
1.137 35 35 4.2
1.716 83.3 83.3 4.5
1.798 35 35 4.5
2.122 81.7 81.7 4.6
2.207 101.8 101.8 5.2
1.221 41.7 41.7 5.1
3.947 66.5 66.5 4.5
1.874 75.5 75.5 4.2
1.205 38.2 38.2 4.3
2.181 99.2 99.2 4.6
1.806 35 35 4
2.340 102 102 4.4
2.217 97.4 97.4 4.2
2.057 29.6 29.6 4.4
2.692 47.2 47.2 4.2
2.304 35 35 4.1
1.358 51.1 51.1 4.2
2.795 165.8 165.8 4.4
1.485 51.1 51.1 4.8
1.082 35 35 4.1
1.406 35 35 5
2.250 109 109 4.7
1.936 88.6 88.6 5
1.066 11.3 11.3 4.4
1.800 68.3 68.3 4.2
3.074 174.8 174.8 4.9
2.453 35 35 4.4
2.529 12.3 12.3 4.3
1.188 35 35 4.2
1.817 35 35 3.8
2.015 77.5 77.5 4.8
1.275 38.8 38.8 4.6
1.100 27.7 27.7 4.5
1.906 79.5 79.5 4.8
1.236 10 10 4
1.279 26.1 26.1 4.3
1.267 37.9 37.9 4.3
1.179 27.1 27.1 4.6
1.257 10 10 4.6
0.819 10 10 4
1.477 25.2 25.2 4.5
1.241 10 10 4.8
1.242 19 19 6
1.297 38.6 38.6 4.2
2.088 90.7 90.7 4.3
1.387 10 10 4.4
1.216 10 10 4.7
2.203 56.9 56.9 4.4
1.111 11.7 11.7 4.9
1.916 84.1 84.1 4
1.022 10 10 4.2
1.224 10 10 4.5
0.938 10 10 4
1.914 88.9 88.9 4.4
1.137 10 10 4.7
1.167 10 10 4.4
3.926 82.6 82.6 3.9
2.220 90.2 90.2 4.6
1.977 93.7 93.7 4.8
2.406 74.3 74.3 4.5
2.351 103.4 103.4 4.4
1.433 10 10 4.5
1.827 89.2 89.2 4.4
2.081 92 92 4.2
1.251 10 10 4.5
2.238 83.3 83.3 5.4
2.016 81 81 7.6
1.048 10 10 4.6
1.145 10 10 4.9
1.195 10 10 4.5
1.125 10 10 4.6
1.164 10 10 4.1
1.182 10 10 4.1
1.102 10 10 4.3
1.106 10 10 4.7
1.212 10 10 4.6
2.350 45.7 45.7 4.7
1.163 10 10 4.8
1.063 10 10 4.5
1.338 32.9 32.9 4.7
1.346 10 10 4.9
1.339 10 10 4.7
0.976 10 10 4.3
1.358 10 10 4.4
1.151 10 10 4.1
0.966 10 10 4.5
1.221 10 10 4.7
1.360 10 10 4.3
1.171 10 10 4
0.841 10 10 4.2
1.186 29.4 29.4 4.6
1.290 9.7 9.7 4.8
1.269 10 10 4.3
1.316 10 10 4.6
1.186 10 10 4.8
1.225 10 10 4.8
1.264 10 10 4.7
1.342 10 10 4.3
1.399 29.1 29.1 4.8
1.060 10 10 4
1.330 10 10 4.6
1.376 10 10 4.5
1.327 10 10 5
1.295 10 10 4.7
1.258 10 10 5.5
1.271 10 10 4.9
1.289 10 10 4.5
1.235 10 10 4.1
1.258 26 26 4.9
1.186 10 10 4.5
1.311 10 10 4.1
1.271 10 10 4.8
1.290 10 10 5
1.192 10 10 4.3
1.196 10 10 4.9
1.222 10 10 4.6
1.119 10 10 4.2
1.182 10 10 4
1.889 35 35 4.4
1.308 10 10 4.9
1.218 10 10 4.7
0.941 10 10 4
1.201 10 10 4.9
1.137 10 10 4.1
1.198 19.2 19.2 4.5
1.244 10 10 4.5
1.401 30.4 30.4 5
1.102 10 10 4.9
1.337 10 10 4.8
1.160 10 10 4.5
1.196 10 10 4.9
1.170 10 10 4.7
1.237 10 10 5.2
1.081 23.4 23.4 4.9
1.211 10 10 4.4
1.039 10 10 4
1.134 10 10 4.6
1.203 10 10 5
1.269 21 21 5.8
1.313 10 10 4.6
1.145 10 10 4.3
1.410 34 34 4.6
1.019 10 10 4.5
1.320 31.4 31.4 4.9
1.202 10 10 5.4
1.128 10 10 4.7
1.197 10 10 4.2
1.292 33.2 33.2 4.9
1.296 26.3 26.3 4.4
1.369 10 10 4.2
1.226 10 10 4.7
1.274 10 10 4.7
1.368 10 10 4.9
1.302 20 20 6.7
2.238 35 35 5.1
0.846 44.1 44.1 5
2.896 51.7 51.7 4.2
1.887 70.9 70.9 4.4
2.490 126.3 126.3 5.1
1.751 35 35 4.1
2.044 59.5 59.5 4.6
1.772 84.5 84.5 5.3
2.200 35 35 4.2
0.017 24 24 4.4
0.342 24.8 24.8 5.2
5.421 35 35 3.8
1.402 35 35 4
1.185 59.7 59.7 4
0.925 35 35 4.2
-0.493 35 35 4.3
1.801 51.1 51.1 4.2
2.255 35 35 4.5
2.152 95.5 95.5 4.7
2.642 107.4 107.4 5
-1.493 35 35 3.7
1.050 35 35 4.5
1.764 35 35 5.5
1.257 35 35 4.9
1.347 35 35 0
1.229 35 35 4.4
2.982 35 35 4.6
3.332 183.5 183.5 4.5
1.857 30 30 4.8
2.472 30 30 4.6
2.133 100 100 4.5
1.886 64.7 64.7 4.3
-1.077 35 35 0
2.566 20 20 4.2
1.924 35 35 4.6
2.721 20 20 4.6
2.716 20 20 4.3
2.850 20 20 4.9
2.832 20 20 4.2
3.133 20 20 4.5
3.078 20 20 5
2.918 20 20 4.4
2.833 20 20 4.9
2.932 20 20 4.6
2.630 20 20 0
2.703 11 11 6.3
2.537 20 20 0
2.673 19 19 6.4
2.032 20 20 4.7
1.202 30 30 0
2.823 157.9 157.9 3.9
1.594 49.5 49.5 4.3
1.234 30.1 30.1 4.4
1.320 30 30 4.1
1.389 30 30 4.7
1.035 30 30 4.3
1.946 35 35 4.3
2.186 76.9 76.9 4.9
1.835 64.5 64.5 4.3
1.535 49.7 49.7 4.3
1.565 30 30 0
1.695 30 30 5.2
1.486 30 30 4.6
1.156 30 30 4.4
1.163 30 30 4.8
1.157 30 30 4.2
1.334 30 30 4.3
1.320 30 30 4.3
1.345 25.5 25.5 4.8
3.206 150 150 4
1.350 30 30 4.7
1.290 30 30 4.4
1.414 30 30 4.8
2.643 30 30 0
1.405 30 30 4.5
1.350 28 28 4.7
1.050 29.4 29.4 4.8
1.248 31.8 31.8 4
1.269 21 21 4.5
1.381 30 30 4.5
1.443 30 30 4.5
3.064 10 10 4.2
1.291 19 19 4.9
1.175 30 30 4.3
1.558 30 30 4.5
1.149 30 30 4.4
1.462 30 30 4.5
1.383 30 30 4.4
1.374 26.2 26.2 4.5
1.207 22.3 22.3 5.2
1.537 25.3 25.3 4.1
1.388 30 30 4.2
1.342 30 30 4.4
1.072 30 30 4.5
1.371 28.9 28.9 4.3
1.327 27.7 27.7 4.9
0.975 30 30 4.2
1.410 34.2 34.2 4.2
1.373 23.7 23.7 4.6
1.397 29.4 29.4 4.3
1.316 43.4 43.4 4.7
1.354 30 30 4.9
0.895 30 30 5.2
1.427 30 30 4.4
1.976 30 30 4.5
1.871 30 30 4.3
1.097 30 30 4.6
1.305 30 30 4.5
1.688 30 30 4.4
1.111 30 30 5
1.315 30 30 5.3
1.291 19.8 19.8 4.8
1.263 30 30 4.5
1.271 30 30 4.2
1.297 46.9 46.9 4.6
1.513 30 30 4.1
1.148 30 30 4.5
1.325 30 30 4.3
1.176 20 20 5
1.197 17.3 17.3 5.3
0.790 30 30 3.8
1.238 30 30 4.6
1.043 30 30 4.3
3.290 20 20 0
1.439 63.9 63.9 0
2.834 60 60 4.2
0.916 45 45 4.1
1.305 51.5 51.5 4.5
2.459 10 10 0
4.222 177.2 177.2 4
2.822 55.8 55.8 5.1
1.606 21.7 21.7 5
2.209 100 100 0
2.455 33 33 4.4
1.561 33 33 4.6
0.726 33 33 4.2
2.929 144.2 144.2 5.7
2.101 92.8 92.8 0
2.391 33 33 4.1
2.122 87.5 87.5 3.7
0.787 33 33 4.7
0.727 33 33 4.7
0.779 33 33 4.9
2.178 110.1 110.1 4.8
1.945 33 33 3.9
3.506 150 150 4.7
1.294 33 33 3.6
2.429 33 33 4.3
0.906 33 33 5
1.957 79.7 79.7 5.3
1.981 129.8 129.8 4.7
0.846 43.4 43.4 4.8
2.439 104 104 4.7
1.804 33 33 4.8
1.441 33 33 4.7
1.597 47 47 4.1
1.653 63 63 4.8
0.775 33 33 3.8
1.543 67.6 67.6 4.8
1.586 55.7 55.7 7
3.113 200 200 4.2
2.060 100 100 3.9
-0.615 33 33 4.8
-0.422 33 33 4.2
-0.599 33 33 4.1
2.198 109.2 109.2 4
2.792 248.8 248.8 3.9
2.628 33 33 4.2
2.198 86.8 86.8 5.2
1.512 64.7 64.7 5.1
0.686 33 33 4.8
-0.341 33 33 4.4
2.266 102 102 5.1
1.319 33 33 4.8
0.848 22.7 22.7 5.4
0.638 33 33 4.6
2.599 33 33 4.1
2.653 33 33 4.6
1.456 33 33 4.8
-0.389 31.9 31.9 5.7
2.073 125.9 125.9 4
1.816 53.8 53.8 6.4
1.380 33 33 4.6
1.227 33 33 4.6
1.229 57 57 5.2
-12.057 10 10 5
2.550 84.5 84.5 4.6
0.394 28 28 5.6
1.883 77.1 77.1 5
1.478 45.1 45.1 5.2
1.403 33 33 4.6
1.900 107.6 107.6 3.9
1.931 81.4 81.4 4.7
0.459 33 33 5.3
2.760 46.9 46.9 5.4
2.122 90.3 90.3 5
2.760 33 33 4.5
1.979 82.9 82.9 5.2
-0.264 33 33 4.8
1.323 33 33 4.6
1.788 52.5 52.5 3.9
1.352 33 33 4.7
2.650 154.5 154.5 4.8
1.849 80 80 5
1.903 75.2 75.2 5.1
0.632 33 33 4.7
0.701 28 28 4.9
2.039 101.4 101.4 5.2
-0.330 33 33 4
1.875 97.6 97.6 4
-0.205 33 33 4.4
0.861 33 33 3.9
2.454 170.7 170.7 3.5
0.509 33 33 4
2.276 60.2 60.2 4.8
2.245 78.1 78.1 4.4
2.224 54.4 54.4 5.2
-0.809 33 33 4.4
0.330 33 33 4.4
0.347 33 33 5.6
0.256 36 36 5.4
0.496 33 33 4.3
2.572 114 114 4.6
-1.945 33 33 5
2.717 137 137 3
1.516 33 33 5.1
2.774 75 75 5.9
1.341 35 35 7.3
2.706 10 10 7.8
2.309 35 35 6.4
3.811 15 15 6.7
