1.979 53.92 53.92 4.2
2.633 102.22 102.22 4.3
1.935 20.32 20.32 5.2
0.536 10 10 5.9
2.131 79.22 79.22 4.2
1.832 49.89 49.89 4.3
1.740 48.42 48.42 5.1
1.932 61.01 61.01 4.1
2.632 10 10 4
2.233 78.12 78.12 4.3
2.217 73.53 73.53 4.6
0.805 10 10 5.1
1.969 63.16 63.16 4.6
1.388 35 35 4.8
1.434 35 35 4.8
1.956 64.65 64.65 4.5
0.771 10 10 4.4
1.751 63.9 63.9 5
1.157 18.13 18.13 5.1
1.025 10 10 4.9
0.788 10 10 5.2
0.992 10 10 4.7
1.208 16.89 16.89 4.9
1.584 35 35 4.5
1.833 35 35 4.9
1.593 45.43 45.43 4.5
1.346 23.94 23.94 4.8
3.173 10 10 5.4
3.170 10 10 4.5
2.504 97.45 97.45 4.8
1.789 29.27 29.27 4.3
0.961 10 10 5.1
1.192 24.83 24.83 4.8
1.622 36.99 36.99 4.5
0.864 10 10 5
0.925 10 10 4.4
0.800 10 10 4.5
0.803 21 21 5
1.880 55.42 55.42 4.9
2.006 64.45 64.45 4.5
1.184 19.85 19.85 4.5
1.223 35.08 35.08 4.3
1.651 54.15 54.15 4.4
2.661 10 10 5.2
1.490 15.53 15.53 5.2
1.820 55.08 55.08 4.6
1.068 34.1 34.1 4.9
1.864 70.21 70.21 4.3
1.719 43.35 43.35 4.1
0.831 10 10 4.9
0.803 10 10 4.3
0.835 10 10 4.4
2.062 76.38 76.38 4.4
1.960 68.15 68.15 4.6
0.970 26.3 26.3 4.2
2.792 149.82 149.82 4.3
2.568 75.92 75.92 4.1
1.850 46.74 46.74 4.6
1.005 34.59 34.59 4.3
1.225 21.4 21.4 5.3
0.939 10 10 4.3
0.991 30.79 30.79 4.1
1.076 30.19 30.19 5.2
1.899 58.77 58.77 4.6
1.880 78.62 78.62 4.2
0.739 35.24 35.24 4.4
1.113 24.85 24.85 4.5
1.918 44 44 5.4
1.276 39.72 39.72 4.6
1.912 66.15 66.15 4.4
0.899 16.24 16.24 4.3
1.883 35 35 4.1
1.599 60.92 60.92 4.5
1.262 33.1 33.1 4.4
1.297 46.63 46.63 4.4
1.180 37.64 37.64 4.7
0.825 10 10 4.2
0.870 6.78 6.78 5.3
1.828 41.43 41.43 4.6
1.668 40.71 40.71 4.4
1.992 50 50 6.6
1.229 38.67 38.67 4.3
1.307 35 35 4.5
1.868 63.3 63.3 4.5
-5.044 15.12 15.12 4.1
-4.786 10 10 4.7
-4.606 15.23 15.23 4.4
-4.659 10 10 4.7
-4.760 10 10 5.6
-5.202 14.31 14.31 4.3
-4.891 12.33 12.33 5.1
-4.910 24 24 7.8
1.101 7.58 7.58 4.3
1.030 10 10 4.8
2.005 79.28 79.28 4.2
2.164 68.11 68.11 4.5
1.523 55.77 55.77 4.3
2.048 63.66 63.66 4
1.063 39.02 39.02 4.2
1.838 57.09 57.09 4.2
1.900 53.16 53.16 4.5
1.530 27.47 27.47 4.4
2.713 58.77 58.77 4.7
1.744 66.57 66.57 4.7
1.276 10.57 10.57 4.5
1.954 73.6 73.6 4.3
11.791 14.63 14.63 4
1.376 35 35 4.1
1.911 69.21 69.21 4.3
1.724 54.1 54.1 4.8
0.853 24.75 24.75 4.2
0.652 30.21 30.21 4.2
0.720 20.34 20.34 4.5
1.868 61.78 61.78 4.5
0.878 18.05 18.05 3.9
1.212 35 35 4.4
2.758 96.52 96.52 4.1
1.419 40.9 40.9 5
1.814 58.94 58.94 4.3
1.899 66.89 66.89 4.4
1.231 26.81 26.81 4.4
0.883 23.48 23.48 4.9
1.874 35 35 4.2
1.217 27.48 27.48 4.4
1.934 72.1 72.1 4.8
-0.552 21.84 21.84 4.5
1.756 53.34 53.34 4.7
0.806 33.92 33.92 4.4
1.773 61.89 61.89 4.4
2.091 35.16 35.16 4.7
2.135 51.41 51.41 4.5
1.853 59.68 59.68 4.6
1.802 42.3 42.3 5
2.114 62.95 62.95 5.4
2.002 63.57 63.57 4.5
0.941 28.77 28.77 4.4
1.899 66.11 66.11 4.6
0.735 15.1 15.1 4.3
0.958 10.5 10.5 4.1
2.221 85.6 85.6 4.8
1.825 35.4 35.4 5
1.663 51.9 51.9 4.8
3.370 270.1 270.1 4
1.078 25.1 25.1 5
1.948 10 10 5.3
2.158 65.5 65.5 4.6
1.039 35 35 4.7
2.244 76.1 76.1 4.7
1.294 52.6 52.6 4.2
1.999 72.2 72.2 5.1
2.390 100.3 100.3 4.8
2.098 71.1 71.1 4.5
1.736 52.1 52.1 4.5
3.140 194.9 194.9 4.3
0.748 35 35 4.6
1.837 60 60 4.7
3.368 188.1 188.1 4.5
1.543 38 38 4.5
0.980 35 35 4.7
0.906 35 35 5.2
0.861 25 25 5.2
0.883 21.7 21.7 5.2
0.827 10 10 4.9
1.265 67.9 67.9 4.5
0.832 35 35 4.7
1.185 21.4 21.4 5.2
1.325 36.5 36.5 4.5
1.250 10 10 4.5
1.048 35 35 4.2
0.926 35 35 4.2
1.697 62 62 4.5
1.676 41.5 41.5 5.1
2.672 35 35 4.7
1.048 10 10 4.5
1.248 44.7 44.7 4.4
1.974 58.7 58.7 4.9
1.851 70.3 70.3 4.4
1.896 35 35 4.1
1.131 12.7 12.7 5.3
2.013 89 89 4
1.180 41.6 41.6 4.2
1.894 3.8 3.8 4.1
1.299 35 35 4.3
1.107 27.8 27.8 5.4
0.882 35 35 4.9
0.552 26.4 26.4 4.5
0.843 10 10 4.2
0.742 10 10 4.5
1.160 25.3 25.3 5.4
0.975 17.2 17.2 4.8
0.808 10 10 4
0.940 26.3 26.3 4.7
1.147 31.6 31.6 5.2
0.950 22.1 22.1 4.7
0.881 10 10 4.6
0.573 3 3 4.4
0.912 28.1 28.1 4.1
1.461 35 35 4.6
1.628 35 35 4.4
1.600 54.9 54.9 4.7
1.603 53.2 53.2 4.7
1.243 30.1 30.1 4.6
1.395 10 10 4.4
0.903 27.7 27.7 4.2
1.513 47.6 47.6 4.9
2.034 82.3 82.3 4.6
1.259 35 35 4.7
2.657 40 40 4.6
2.203 35 35 4.5
1.128 10 10 4.1
2.497 27.4 27.4 4.3
2.231 88 88 4.6
1.049 10 10 4.3
2.064 43.3 43.3 4.4
2.069 73.8 73.8 5
1.260 10 10 4.5
0.981 10 10 4
2.295 56.4 56.4 4.4
1.143 10 10 4.2
1.090 10 10 4.1
1.285 18.2 18.2 5.4
1.168 10 10 4.6
1.357 10 10 4.2
0.707 10 10 4.5
1.208 35 35 4.3
2.271 96.5 96.5 4.4
0.982 35 35 4.6
1.447 35 35 5
1.146 16.3 16.3 5.1
1.383 27.2 27.2 4.2
1.393 28 28 4.7
1.205 35 35 4.2
1.673 35.6 35.6 0
1.235 35 35 4
1.265 35 35 0
1.765 45.4 45.4 0
1.357 35 35 4.9
1.070 35 35 0
1.396 35 35 4.4
0.975 35 35 4.1
0.727 35 35 4.4
1.251 35 35 4.3
1.929 40.1 40.1 3.8
1.791 66.9 66.9 5.1
1.170 35 35 4.1
1.205 31.6 31.6 4.6
1.061 35 35 4
3.172 132.4 132.4 4
1.175 35 35 3.9
1.358 35 35 4
0.705 35 35 4.1
1.447 44.9 44.9 4.4
1.166 27.3 27.3 4.6
2.506 112 112 4.5
2.267 35 35 4.2
2.533 53.9 53.9 5.3
1.040 35 35 4.4
1.171 35 35 4.2
1.120 40.2 40.2 0
1.199 28.9 28.9 4.6
0.959 27.7 27.7 4.3
1.410 35.3 35.3 5.2
0.238 35 35 4.1
1.084 35 35 4.6
1.231 35 35 4.5
1.858 35 35 4.1
1.035 35 35 4.5
1.025 35 35 4.3
1.370 35 35 4.2
0.874 35 35 4.5
1.307 35 35 4.5
1.504 39.9 39.9 4.2
1.181 35 35 4.6
1.171 35 35 5.3
1.431 27.7 27.7 4.1
1.227 25 25 6.2
1.368 35 35 4
1.483 35 35 4.9
1.342 35 35 4.5
1.053 35 35 4.7
1.038 35 35 4
1.180 25 25 6.7
1.207 25 25 6.6
1.314 38.9 38.9 5
1.286 35.8 35.8 5.3
1.129 35 35 5.1
1.209 35 35 4.9
1.042 35 35 0
1.197 25 25 7.2
1.568 35 35 4.2
1.185 24.5 24.5 5.4
1.203 22 22 6.5
1.198 22.9 22.9 5.3
1.177 35 35 4.7
1.255 27.9 27.9 5.2
1.383 35 35 4.8
1.441 35 35 4.6
1.599 35 35 4.8
1.176 32.9 32.9 5.6
1.380 35 35 4.6
1.202 24 24 5.7
1.247 15.7 15.7 4.2
1.395 35 35 4.1
1.156 25.9 25.9 4.9
1.201 14.2 14.2 5.4
1.527 53.6 53.6 4.4
1.272 19.7 19.7 4.6
1.866 35 35 0
0.995 28.5 28.5 4.4
1.137 35 35 4.2
1.975 44.3 44.3 4.6
1.549 51.4 51.4 4.4
1.452 35 35 4.3
1.434 32.1 32.1 3.8
1.348 35 35 4.6
1.715 51.2 51.2 5.3
1.769 47.9 47.9 4.8
1.790 50.8 50.8 5.2
2.036 35 35 5.3
1.766 50 50 4.7
1.826 67.7 67.7 4.8
1.933 54.2 54.2 4.4
1.736 35 35 5
1.537 35 35 4.7
1.703 35 35 6
1.147 36.9 36.9 4.6
0.907 21.7 21.7 4.6
1.049 35 35 4.8
1.210 35 35 4.1
2.132 35 35 4.4
1.131 35 35 4.1
1.384 30 30 5.8
1.337 35 35 0
1.202 35 35 4.8
1.363 35 35 4.7
0.852 35 35 4
1.972 35 35 0
1.117 35 35 4.9
1.254 35 35 4.6
1.161 27.3 27.3 5.9
1.387 35 35 4.5
1.503 39.7 39.7 4.7
1.086 35 35 4.2
1.357 35 35 5.1
1.864 35 35 4.3
1.073 35 35 0
1.646 35 35 0
1.445 35 35 0
1.083 12.2 12.2 4.6
1.094 24.4 24.4 5.1
1.142 26 26 6.1
0.278 35 35 4.2
0.313 35 35 4.8
1.982 35 35 5.3
1.601 38.5 38.5 4.3
1.751 35 35 5.4
1.917 35 35 4.1
1.346 28.4 28.4 5.5
1.417 35 35 5.3
0.975 25 25 5.1
1.592 30 30 6.7
1.115 35 35 4.3
0.858 19.1 19.1 4.7
0.914 35 35 4.3
1.561 44.4 44.4 4.6
1.455 35 35 4.2
2.100 35 35 4.5
1.354 35 35 4.3
1.887 35 35 3.9
1.461 35 35 4.4
1.438 35 35 0
1.817 35 35 0
1.370 17.1 17.1 4.8
1.750 35 35 4.8
1.543 37.2 37.2 4.7
1.635 37.7 37.7 4.6
0.845 27.6 27.6 4.6
1.232 35 35 4.8
1.368 26.9 26.9 0
1.178 30.9 30.9 5
1.358 35 35 5
1.518 35 35 4.6
1.575 21.9 21.9 4.7
1.279 35 35 4.3
1.242 35 35 4.7
1.486 35 35 4.6
0.990 35 35 4.3
1.417 35 35 4.5
2.412 35 35 4.3
1.496 29 29 5.2
1.241 35 35 4.8
1.151 41.2 41.2 5
1.588 35 35 4.7
1.305 30.3 30.3 5.5
0.952 35 35 0
0.963 35 35 4.4
2.769 35 35 4.1
0.993 35 35 4.9
1.231 35 35 4.9
1.618 35 35 4.8
1.242 35 35 5.3
1.576 35 35 4.5
1.308 35 35 4.7
1.084 34.2 34.2 5.2
1.066 28.4 28.4 5
1.589 35 35 0
1.300 32.4 32.4 5.5
1.311 35 35 4.5
0.797 35 35 4.3
1.367 29.2 29.2 5.1
1.174 35 35 5.1
1.084 22 22 7
1.216 9.9 9.9 4.7
1.272 28.9 28.9 5.4
0.840 21.9 21.9 4.8
1.121 35 35 4.1
1.346 28.9 28.9 6.5
0.357 35 35 4.3
0.912 24.5 24.5 5.1
0.957 27.8 27.8 4.7
1.292 29.9 29.9 5.1
1.365 16.6 16.6 5.7
0.786 35 35 4.2
1.190 35 35 4.8
0.827 14 14 5.2
1.159 35 35 5
1.167 35 35 0
2.144 76.7 76.7 4.2
1.433 37.9 37.9 4.4
1.457 10 10 4.1
1.193 30 30 5
3.311 170.9 170.9 3.9
1.200 30 30 0
1.150 30 30 0
1.325 21.8 21.8 0
0.397 30 30 0
1.598 43.6 43.6 5
1.340 30 30 4.3
0.926 2.2 2.2 4
1.109 24.7 24.7 4.3
1.529 43.3 43.3 4.3
1.795 30 30 4.9
1.672 42.6 42.6 4.7
1.726 30 30 4.5
1.166 30 30 4.3
1.185 36.7 36.7 4.5
0.908 7.8 7.8 4.1
2.178 78.9 78.9 4.7
0.590 30 30 4.7
2.379 30 30 4.3
1.858 76.7 76.7 4.3
1.530 30 30 4.3
2.378 103.6 103.6 4.2
1.185 47.9 47.9 4.7
1.397 34.3 34.3 4.7
1.679 30 30 4.1
1.232 35 35 4.2
1.236 30 30 4.7
1.323 29.1 29.1 5
1.348 30 30 4.7
1.279 30 30 4.4
1.795 30 30 4.5
1.787 30 30 4.6
1.414 30 30 4.2
1.473 25.1 25.1 4.4
1.451 26.9 26.9 4.7
1.382 34 34 4.8
1.243 35.7 35.7 4.6
1.332 30 30 4.6
1.474 30 30 4.2
1.480 30 30 4.2
1.116 30 30 4.2
0.671 30 30 4.3
1.361 20.9 20.9 4.7
4.092 136.7 136.7 4.2
1.439 30 30 4.2
1.377 30 30 4.3
0.892 30 30 4.2
1.228 30 30 4.4
1.291 25.2 25.2 4.4
1.780 27.4 27.4 4.5
1.382 30 30 4.5
1.418 30 30 4.7
1.233 30 30 4.6
1.465 22.1 22.1 4.5
1.406 26 26 0
1.540 32.3 32.3 4.8
1.402 30 30 4.6
1.507 35 35 4.6
1.324 30 30 4.2
1.200 30 30 4.3
1.397 30 30 4.6
1.376 28.3 28.3 4.2
1.909 30 30 4.9
1.483 30 30 4.8
1.257 30 30 4.2
1.193 6.1 6.1 4.3
1.440 30 30 4.4
1.408 30 30 4.4
1.207 30 30 4.1
1.351 31.1 31.1 4.4
1.794 25.2 25.2 3.9
1.475 29.2 29.2 4.7
1.373 30 30 0
1.294 28.3 28.3 4.1
1.460 31.5 31.5 0
1.458 30 30 4.5
1.341 21.6 21.6 5.4
1.512 30 30 4.5
1.214 30 30 3.9
1.383 36.3 36.3 4.2
1.291 37.9 37.9 4.7
1.455 30 30 4.5
1.433 30 30 4.3
1.018 30 30 0
1.296 29.5 29.5 4.4
1.538 29.9 29.9 5
1.307 30 30 4.3
1.358 30 30 4.3
1.389 30 30 4.6
1.531 30 30 4.3
1.446 30 30 4.5
1.337 30 30 4.5
1.576 30 30 4.5
1.564 38.7 38.7 4.6
1.473 33.4 33.4 5.7
1.306 30 30 4.6
1.284 30 30 3.9
1.407 30 30 4.4
1.602 29.2 29.2 4.7
1.369 30 30 0
1.462 30 30 4.4
1.512 31.8 31.8 5
1.373 30 30 4.5
1.274 37.2 37.2 4.5
1.213 30 30 4.2
1.491 30.7 30.7 5.2
1.270 30 30 4.6
1.455 43.2 43.2 4.7
1.760 30 30 4.6
1.360 24.5 24.5 4.4
1.364 28.9 28.9 4.8
1.368 30 30 4.5
1.489 30 30 4.3
1.595 33.7 33.7 4.3
1.303 27.9 27.9 4.6
1.470 29.9 29.9 4
1.439 33.7 33.7 4.2
1.169 30 30 4.4
1.424 30 30 4.8
1.068 30 30 4.3
1.328 30 30 4.5
1.573 30 30 4.3
0.770 30 30 4.4
1.422 30 30 5.2
1.466 33 33 5.1
1.455 30 30 4.8
1.282 30 30 4.3
1.113 30 30 4.3
1.574 30 30 4.6
1.385 30 30 4.3
1.335 29.2 29.2 4.9
1.338 30 30 5
1.375 28.8 28.8 4.9
1.419 30 30 4.5
1.352 30 30 4.3
1.384 30 30 4.2
1.465 30 30 4.3
1.302 32.9 32.9 4
1.476 30 30 4.6
1.609 30 30 3.7
2.708 30 30 4.4
1.417 30 30 4.4
0.874 30 30 4
1.308 30 30 4.2
1.476 30 30 4.2
1.521 32.2 32.2 4.8
1.400 30 30 5.4
1.508 23.9 23.9 5
1.150 30 30 4.2
1.246 20.9 20.9 4.7
1.570 30 30 4.2
1.389 30 30 4.5
1.343 30 30 4.3
0.777 30 30 4.4
1.442 26 26 4.7
1.728 30.2 30.2 4.3
1.462 30 30 4.6
1.313 29.1 29.1 4.5
1.778 30 30 4.2
0.804 30 30 4.5
1.454 30 30 4.3
1.366 30 30 4.7
1.303 30 30 4.6
1.321 37.9 37.9 4.6
0.983 30 30 4.1
1.182 30 30 4.4
1.483 30 30 4.2
1.333 30 30 4.2
1.339 37.6 37.6 4.9
1.563 30 30 4.7
1.164 30 30 4.2
1.321 30 30 4.4
1.165 30 30 4.3
1.251 33.4 33.4 4.5
1.148 30 30 4
1.550 30 30 4.5
1.340 30 30 4.6
1.322 30 30 4.1
1.634 30 30 4.6
1.570 30 30 4.4
1.375 30 30 4.1
1.285 30 30 4.5
1.415 46.3 46.3 4.4
1.322 30 30 4.3
1.525 30 30 3.9
1.392 30 30 4.5
1.226 30 30 4.2
1.688 30 30 4.3
2.000 31.8 31.8 4
1.420 28.8 28.8 4.5
1.332 30 30 4.1
1.425 30 30 4.9
1.338 20.5 20.5 4.9
0.960 19.8 19.8 4.3
1.288 31 31 4.2
1.476 30 30 4.2
1.064 30 30 4
1.482 28.5 28.5 5
1.350 33.7 33.7 4.3
1.456 23.5 23.5 5
1.548 30 30 4
1.742 32.9 32.9 4.4
1.534 29.6 29.6 4.9
1.641 30 30 4
1.403 30 30 4
1.599 26.4 26.4 3.9
1.466 30 30 4.2
1.690 30 30 4.3
1.878 30 30 4.1
1.385 26.2 26.2 3.9
1.316 28.5 28.5 4.2
1.683 30 30 4.6
1.453 44.4 44.4 4.4
1.513 30 30 4.2
1.510 37.6 37.6 4.8
0.991 30 30 4.8
1.381 32.4 32.4 4.7
1.461 30 30 4.6
1.452 30 30 4.7
1.251 33.9 33.9 4.8
1.439 30 30 6.4
1.535 31.1 31.1 4.6
1.624 30 30 4.2
3.460 30 30 4.4
1.199 46.6 46.6 4.2
1.537 32.1 32.1 4.8
1.395 18.4 18.4 4.9
1.537 30 30 4.4
1.336 25 25 4.4
1.368 27.7 27.7 5.2
1.163 30 30 4.2
1.322 30 30 4.8
1.650 30 30 4.2
1.407 30 30 4.4
1.321 30 30 4.5
1.280 27.2 27.2 4.8
1.574 30 30 4.4
1.420 28.4 28.4 3.8
1.508 31.7 31.7 4.3
1.040 30 30 4.2
1.445 30 30 4.5
1.330 30 30 5.3
1.389 39.2 39.2 4.5
0.940 30 30 4.3
1.256 30 30 4.3
1.451 30 30 4.1
1.356 30 30 5.3
1.369 20 20 4.6
1.398 30 30 4.2
1.443 30 30 3.9
1.529 32.2 32.2 5.5
1.491 30 30 4.3
1.291 23.7 23.7 4.8
1.286 28.7 28.7 4.5
1.396 21.4 21.4 5.3
1.354 23.5 23.5 5.6
1.294 30 30 4.8
1.468 30.2 30.2 4.7
0.578 32.4 32.4 4.5
1.343 22.9 22.9 4.5
1.242 26.6 26.6 4.3
1.520 30 30 4.1
1.367 30 30 4.3
1.380 23.3 23.3 4.4
1.537 30 30 4.2
0.858 30 30 4.3
1.334 30 30 4.6
0.919 30 30 4.2
1.427 28.3 28.3 4.9
1.486 30 30 3.8
1.405 30 30 4.6
1.513 25.9 25.9 5
1.366 30 30 4.3
1.589 30 30 4.2
1.143 30 30 3.9
1.342 30 30 4.4
1.251 30 30 4.5
1.550 38.7 38.7 4.7
1.276 30 30 3.9
1.713 30 30 4.1
1.598 30 30 4.4
1.383 29.4 29.4 5.8
1.411 30 30 4.7
1.255 30 30 4.1
1.350 30 30 4.6
1.319 30 30 5.5
1.225 30 30 4.4
1.733 30 30 4.7
1.452 23.7 23.7 4.9
2.696 30 30 4.5
1.229 30 30 4.6
1.368 30 30 4.3
1.543 30 30 4.9
1.429 30 30 6.5
1.421 30 30 4.4
1.466 30 30 4.7
1.449 27.1 27.1 5.2
1.346 30 30 5.7
1.395 20.2 20.2 4.7
1.317 19 19 6.7
1.431 30 30 3.9
0.926 31.6 31.6 4.6
0.857 30 30 4.2
1.390 30 30 4.2
1.475 30 30 4.8
2.150 30 30 4.2
2.251 84.8 84.8 4.4
0.870 26.9 26.9 5.1
0.676 10 10 4.4
1.826 45.6 45.6 4.6
1.235 41.9 41.9 4.5
2.166 65.6 65.6 5.5
2.270 40.7 40.7 0
1.900 44.3 44.3 4.5
2.184 100 100 0
-0.003 10 10 4.2
2.116 42 42 6
1.445 75 75 0
1.307 33 33 4.4
0.759 33 33 0
3.488 225.3 225.3 4.3
3.227 203.1 203.1 4.3
1.661 33 33 4.3
2.945 66.7 66.7 4.6
2.085 70.5 70.5 4.5
1.399 33 33 4.7
2.025 100 100 4.5
1.673 33 33 4.8
1.384 60.5 60.5 4.2
1.461 33 33 4.8
1.484 33 33 4.9
1.856 82.1 82.1 4.5
0.337 33 33 4.6
2.119 47.4 47.4 5
2.121 51.4 51.4 4.8
2.018 33 33 4.5
2.131 33 33 4.6
0.971 33 33 4.7
2.226 33 33 4.4
2.419 70.5 70.5 4.4
2.485 120.2 120.2 4.4
1.947 33 33 4.5
1.595 33 33 4.8
2.032 33 33 3.9
1.403 33 33 4.2
1.352 33 33 4.4
1.256 33 33 5.1
1.058 33 33 5.5
0.962 33 33 4.9
0.904 33 33 5.5
0.864 33 33 4.8
1.010 33 33 4.5
2.040 100 100 4.4
1.844 51.3 51.3 4.1
1.205 33 33 4.1
1.167 33 33 5.7
0.519 24.1 24.1 4.6
1.799 71.8 71.8 4.3
1.407 33 33 5.5
1.465 33 33 4.2
1.312 33 33 5.4
1.641 33 33 4.8
1.341 33 33 4.6
2.269 60.6 60.6 4.6
2.432 109.2 109.2 4.1
2.352 119.5 119.5 4.3
1.089 33 33 4.5
1.197 33 33 4.4
1.170 33 33 4.8
1.315 33 33 4.2
1.086 33 33 4.9
1.635 33 33 4.7
3.763 261.8 261.8 5
1.499 33 33 4.2
1.170 33 33 5.7
1.083 33 33 4.3
1.042 33 33 4.5
1.512 33 33 4.1
1.224 33 33 4.2
1.336 33 33 3.9
1.235 33 33 4.6
1.184 33 33 5.8
1.457 33 33 4.3
2.123 63.9 63.9 4.1
1.939 81.3 81.3 4.3
2.449 118.1 118.1 4.2
1.218 30.9 30.9 4.3
2.266 90.2 90.2 4.5
1.983 91.7 91.7 4.7
2.814 33 33 4.3
2.697 33 33 4.4
2.552 124.1 124.1 4.2
2.386 33 33 3.9
1.926 74.5 74.5 4.5
1.710 33 33 4.5
2.158 91.1 91.1 4.3
1.338 47 47 5.2
1.429 41.8 41.8 5.1
1.151 33 33 5.4
1.085 24.3 24.3 5.2
1.212 24.5 24.5 5.2
1.194 33 33 5.9
1.001 22.5 22.5 5.9
1.010 33 33 5
1.158 28 28 6.1
1.270 20.5 20.5 6.5
1.209 27.6 27.6 5.7
-7.926 10 10 4.6
2.126 68.7 68.7 5.3
2.193 48.3 48.3 4.8
0.624 59 59 3.7
1.332 31.6 31.6 6.5
1.628 33 33 4.9
2.082 62 62 4.8
2.138 56.6 56.6 5.2
1.241 73.6 73.6 4.6
2.006 73.1 73.1 4.9
1.073 33 33 4.6
-0.559 26.4 26.4 5.2
1.969 62.9 62.9 4.9
2.312 107.2 107.2 4.7
1.876 67.9 67.9 5
2.054 80.1 80.1 4.9
1.611 68 68 5.4
1.165 33 33 4.7
3.054 167.1 167.1 4.5
2.452 104.4 104.4 5.1
2.585 145.3 145.3 4.4
1.305 28.2 28.2 5
1.720 33 33 4.9
1.180 33 33 4
1.381 33 33 6
1.118 33 33 4
2.143 86.1 86.1 4.5
2.124 78.3 78.3 5
2.223 87.4 87.4 5.3
1.825 63.6 63.6 4.7
2.044 153.2 153.2 4
3.094 33 33 4.2
2.381 106.6 106.6 4.8
2.043 90.4 90.4 4.8
1.224 27 27 5.3
0.994 33 33 3.9
2.046 69.1 69.1 4.2
1.351 33 33 4.1
1.934 31.7 31.7 4.2
1.229 33 33 4.2
1.648 33 33 4.1
2.215 76.6 76.6 5.4
1.749 68.2 68.2 4.4
2.101 57 57 4.9
1.876 95.3 95.3 4.7
1.184 33 33 4.4
1.299 33 33 4.9
2.040 65 65 5.1
1.226 33 33 4.9
2.866 168 168 4
0.996 33 33 4.3
1.849 50 50 5.1
2.767 131 131 5.4
3.544 36 36 4.6
1.204 33 33 4.9
1.272 27 27 4.8
1.239 33 33 5
1.391 33 33 5.3
1.271 33 33 5.3
2.833 116 116 4.6
1.837 33 33 5.2
1.126 33 33 5
1.393 38 38 5.1
1.410 18 18 5.4
0.492 33 33 6.8
1.066 33 33 5
1.153 33 33 4.3
0.931 33 33 4.7
2.346 33 33 5
1.617 51 51 5.9
1.148 50 50 5.2
1.313 33 33 5
1.300 33 33 5.3
1.348 33 33 4.9
1.353 33 33 5.9
1.292 31.5 31.5 5.9
1.209 28.9 28.9 6.1
1.218 27.9 27.9 5.8
1.576 35 35 5.6
1.608 42.3 42.3 6.2
3.164 179.3 179.3 6.7
-11.754 15 15 6
1.594 40.6 40.6 6
1.957 38.3 38.3 6.1
-3.490 15 15 6.4
1.828 35 35 6.5
