1.018 10 10 4.8
1.250 25.79 25.79 4.9
0.951 10 10 4.4
0.748 10 10 4.6
1.057 19.29 19.29 5.1
1.065 10 10 4.9
1.068 17.03 17.03 5.5
0.999 20 20 5.6
0.984 10 10 5.1
1.162 10 10 5.2
1.090 22.04 22.04 5.2
1.025 10 10 5.1
0.946 10 10 4.5
1.140 17.4 17.4 4.9
1.189 19 19 5.2
3.026 148.65 148.65 4.4
3.347 212.8 212.8 4.7
2.279 157.17 157.17 4.4
0.856 10 10 4.5
3.118 189.78 189.78 4.4
1.585 38.11 38.11 4.5
2.163 41.7 41.7 5.1
0.381 10 10 5
1.145 10 10 4.4
1.735 42.1 42.1 4.3
1.895 62.54 62.54 5
1.858 35 35 4.4
1.782 40.28 40.28 5.6
2.295 35 35 4.4
2.886 153.79 153.79 4.3
3.102 163.21 163.21 4.3
-16.555 10 10 4.5
2.053 46.52 46.52 5.2
1.283 35 35 5.1
2.036 59.26 59.26 4.8
1.892 43.48 43.48 4.4
1.424 25.59 25.59 4.6
3.042 168.62 168.62 4.2
1.920 64.5 64.5 4.4
1.328 28.7 28.7 4.2
1.598 28.01 28.01 4.4
1.030 10 10 4.8
0.948 10 10 4.2
0.898 10 10 4.6
1.055 10 10 5.1
1.482 10 10 4.3
1.117 10 10 4.4
1.257 10 10 4.5
1.354 10 10 5.8
1.134 18 18 5.9
1.094 10 10 4.7
1.520 10 10 4.2
0.873 10 10 4.1
1.071 10 10 5.3
1.028 10 10 4.3
1.376 10 10 4.9
1.099 20 20 6
1.052 10 10 5.2
1.063 10 10 4.9
2.925 151.62 151.62 4.3
1.910 48.53 48.53 4.4
1.796 34.8 34.8 4.8
1.828 35 35 4.2
0.511 10 10 4.4
3.178 147.45 147.45 4.2
1.946 55.8 55.8 4.3
2.974 150.57 150.57 4.2
1.366 33.2 33.2 4.5
1.026 33.34 33.34 4.9
0.913 10 10 4.4
1.230 29.15 29.15 5
1.497 39.27 39.27 4.2
1.911 67.5 67.5 4.4
1.894 69.68 69.68 4.4
1.706 35 35 4.4
1.988 49.06 49.06 4.3
1.372 35 35 4.6
1.941 48.14 48.14 4.9
2.759 105.05 105.05 4.4
1.513 35.03 35.03 4.2
1.089 56.12 56.12 4.3
3.048 158.65 158.65 5.1
2.729 104.23 104.23 4.2
2.063 64.77 64.77 4.3
1.787 49.01 49.01 4.3
3.287 205.08 205.08 4.2
3.715 306.36 306.36 4.5
2.259 57.16 57.16 5.3
1.821 48.54 48.54 4.4
2.081 58.57 58.57 4.1
2.331 91.8 91.8 4.8
1.892 56.53 56.53 4.6
2.764 144.25 144.25 4.1
2.936 160.46 160.46 4.2
1.155 19 19 5.6
0.348 27.22 27.22 4.7
2.457 89.28 89.28 4.3
1.644 67.45 67.45 4.4
1.909 63.3 63.3 4.7
2.286 67.72 67.72 4.6
0.207 31.05 31.05 4.5
-2.072 10 10 4.6
3.251 197.97 197.97 4.2
1.699 59.6 59.6 4.1
1.521 40.76 40.76 4.4
1.060 37.77 37.77 4.8
1.826 45.34 45.34 4.2
1.124 31.91 31.91 4.5
1.972 27.05 27.05 4.3
0.288 10 10 4
3.360 212.94 212.94 4.7
1.187 36.88 36.88 4.4
0.952 25.21 25.21 4.4
1.320 35 35 4.4
2.859 148.26 148.26 4
3.398 200.57 200.57 4.6
0.807 30.74 30.74 4.4
0.954 25.27 25.27 4.6
1.890 63.14 63.14 4.3
2.849 160.46 160.46 4.4
-0.394 10 10 4.6
2.683 140.57 140.57 4.3
3.095 151 151 6
1.160 37.96 37.96 4.5
1.021 27.64 27.64 4.4
2.353 100.22 100.22 4.1
1.886 61.48 61.48 4.6
2.275 63.34 63.34 4.2
1.177 34.66 34.66 4.4
0.391 35.18 35.18 4.2
3.181 204.53 204.53 4
0.653 10 10 5.9
1.959 47.27 47.27 4.4
1.978 70.11 70.11 4.5
1.441 41.39 41.39 4.6
2.803 150.33 150.33 4.3
1.890 56.94 56.94 4.9
-13.297 10 10 5.1
1.333 36.94 36.94 4.3
1.855 66.42 66.42 4.2
1.502 60.6 60.6 4.6
3.164 195.46 195.46 4.7
2.725 87.44 87.44 4
0.350 30.69 30.69 4.2
3.005 172.66 172.66 4.4
1.153 32.34 32.34 4.4
1.220 27.06 27.06 4.8
1.079 36.84 36.84 4.5
1.080 35.6 35.6 4.5
2.041 37.04 37.04 4.1
2.748 68.65 68.65 4.2
1.154 19.18 19.18 5
0.409 15.66 15.66 4.3
1.047 10 10 4.7
0.822 7.8 7.8 4.1
0.935 15.3 15.3 4.8
1.048 7.8 7.8 5.1
1.165 17.5 17.5 5.6
1.302 21 21 6
-0.661 23.5 23.5 4.4
1.983 73.8 73.8 4.4
0.034 20.1 20.1 5.3
3.277 56.8 56.8 4
1.403 47.3 47.3 4.5
1.077 35 35 4.3
2.028 65.7 65.7 4.8
1.263 19.5 19.5 4.3
-0.235 10 10 4.6
2.074 55.3 55.3 5.3
3.114 182.5 182.5 4.3
2.007 48.6 48.6 4.9
1.409 35 35 4.5
1.143 10 10 4.9
0.591 10 10 4.5
1.254 25.9 25.9 4.8
1.167 28.7 28.7 4.9
2.645 105.1 105.1 5.3
1.302 19 19 6.2
1.155 35 35 4
1.135 45 45 5
1.981 63.4 63.4 4.7
0.853 35 35 4.7
1.846 55.7 55.7 5.1
1.174 43.7 43.7 4.3
1.036 15.6 15.6 4.8
1.261 46.4 46.4 4.6
1.182 37.7 37.7 5.2
1.159 7.4 7.4 5.3
1.240 30.9 30.9 4.5
1.166 10 10 5.1
1.144 13.6 13.6 5.5
1.075 21.6 21.6 4.7
1.776 54.8 54.8 4.6
1.277 35 35 4.6
2.987 147.3 147.3 4.5
1.982 36 36 5.6
1.088 35 35 4.8
2.173 88.4 88.4 4.5
1.111 35 35 4.6
2.024 64.6 64.6 4.8
1.897 64.4 64.4 4.7
1.560 35 35 4.1
1.251 35 35 4.6
1.253 35 35 4.4
1.940 44.8 44.8 5.3
1.157 10 10 4.8
1.975 35 35 5.8
0.908 14.4 14.4 5.2
1.281 35 35 4.5
0.222 10 10 4.4
1.167 23.8 23.8 4.8
1.324 35 35 4.2
0.366 9.3 9.3 4.9
1.996 57.1 57.1 5.4
2.678 130.5 130.5 4.6
3.302 192.9 192.9 4.3
1.201 35 35 4.5
2.630 113.3 113.3 4.7
0.255 10 10 4.5
1.247 27.5 27.5 4.3
1.226 24.9 24.9 5.3
1.026 10 10 4.5
0.644 10 10 4
1.786 50.1 50.1 5.1
0.136 10 10 4.2
0.765 10 10 4.5
1.346 35 35 4.8
1.051 35 35 4.6
1.216 35 35 4.5
1.104 26.8 26.8 5
0.486 10 10 4.6
1.040 35 35 4.3
1.978 74.4 74.4 4.7
1.413 62.1 62.1 4.5
1.952 35.1 35.1 4.7
0.485 35 35 4.5
0.880 0.3 0.3 4.5
0.688 27.7 27.7 4.7
0.841 0.4 0.4 4.9
0.692 35 35 5.1
0.529 31.1 31.1 4.6
0.247 10 10 4
0.224 10 10 4.1
1.130 35 35 4.8
0.148 10 10 4.4
1.133 35 35 4.9
0.243 10 10 4.3
0.475 13.3 13.3 4.7
0.623 14.7 14.7 4.8
0.321 10 10 4.9
0.073 10 10 4.3
0.619 10 10 4.9
0.262 10 10 4.1
0.595 39 39 4.9
0.281 10 10 4.7
0.503 10 10 4.4
0.245 10 10 4.6
0.426 10 10 4.2
1.041 14.8 14.8 4.8
0.309 10 10 4.5
0.395 10 10 4.5
1.073 35 35 4.5
1.123 35 35 4.2
1.984 58.9 58.9 5
1.172 35 35 4.1
0.348 35 35 4.5
0.591 28.9 28.9 4.9
-0.054 10 10 4.2
0.824 10 10 4.6
0.146 10 10 4.3
0.264 10 10 4.4
0.310 10 10 4.3
0.442 33.7 33.7 4.6
0.399 10 10 4.4
0.302 10 10 4.2
0.229 10 10 4.2
0.155 10 10 4
0.100 10 10 4.2
0.202 10 10 4.3
0.314 2.7 2.7 4.9
0.064 10 10 4.1
0.330 10 10 4.1
0.457 10 10 4.5
1.099 26.1 26.1 4.4
0.366 10 10 4.6
1.031 14.6 14.6 4.7
0.486 10 10 4.6
0.523 10 10 4.5
0.290 10 10 4.5
0.318 10 10 4.3
0.424 29.7 29.7 4.5
0.330 10 10 4.3
0.764 10 10 4.3
0.759 9.4 9.4 5.1
0.607 10 10 4.5
0.511 10 10 4
0.218 10 10 4.1
0.182 10 10 4.1
0.417 10 10 4.3
0.390 10.1 10.1 4.8
0.477 10 10 4.3
0.367 28.6 28.6 4.4
0.210 31.2 31.2 4.6
0.202 10 10 4
0.332 31 31 4.5
0.437 5.1 5.1 5
0.323 10 10 4.2
0.310 10 10 4.4
0.310 10 10 4.5
0.845 10 10 4.2
0.700 10 10 4.4
0.242 10 10 4.4
1.034 10 10 4.5
0.317 10 10 4.3
0.867 13.2 13.2 4.9
0.448 10 10 4.1
0.289 2.1 2.1 4.9
0.247 10 10 4.5
0.555 10 10 5
0.081 10 10 4.6
0.142 10 10 4.3
0.349 31.1 31.1 4.9
0.412 32.1 32.1 5.1
0.230 11.9 11.9 5
0.367 10 10 4.7
0.290 10 10 4.4
-0.175 10 10 4.1
0.468 4.9 4.9 5.1
0.491 10 10 4.1
0.147 10 10 4.1
1.042 19.2 19.2 4.5
0.271 10 10 4.4
0.925 10 10 4.7
0.382 10 10 5.2
0.476 10 10 4.1
1.079 10 10 4.2
0.487 16.4 16.4 4.9
0.359 10 10 4.3
1.031 20.2 20.2 4.8
1.046 10 10 5
0.448 10 10 4.5
0.296 10 10 5
1.199 19 19 5.9
0.454 10 10 4.6
1.135 18.9 18.9 5
0.291 10 10 4.6
0.397 10 10 4
0.653 10 10 4.9
0.556 10 10 4.4
1.109 10 10 4.8
1.408 31.8 31.8 5.7
1.297 26 26 6.3
0.483 10 10 4.7
0.841 26 26 4.9
0.693 26.4 26.4 4.8
0.107 10 10 4
0.613 31.3 31.3 4.7
0.374 10 10 4.3
1.120 19.6 19.6 4.4
0.138 10 10 4.1
1.035 26.1 26.1 4.5
0.489 11.2 11.2 4.7
0.690 25.6 25.6 5
0.882 10 10 4
0.890 26.2 26.2 4.8
1.110 10 10 4
0.570 10 10 4.7
0.776 20.1 20.1 7.8
2.093 74.1 74.1 4.7
1.170 35 35 4.2
1.656 50.2 50.2 4.3
0.418 35 35 4.7
1.892 51.5 51.5 4.2
1.164 26.4 26.4 4.6
1.586 35 35 4.8
2.534 7.1 7.1 4.4
1.250 35 35 4.4
1.181 35.3 35.3 4.8
2.444 151.4 151.4 4.4
2.728 62.3 62.3 4.6
1.260 35 35 4.7
1.962 56.7 56.7 4.6
1.998 79.4 79.4 4.4
0.993 10 10 4.7
0.672 10 10 4.8
1.796 50.7 50.7 5
2.874 150.6 150.6 4.4
2.084 35 35 4.5
2.521 10 10 4.4
2.668 10 10 4.5
2.526 10 10 4.5
2.709 10 10 4.8
2.416 10 10 4.4
2.479 10 10 5.3
2.530 9 9 6.6
2.004 35 35 4.5
1.850 47.2 47.2 4.9
0.827 10 10 4.9
1.921 60.2 60.2 4.7
1.218 35 35 4.4
-0.444 10 10 4.3
3.145 163.5 163.5 5
1.117 25.3 25.3 4.5
1.895 35 35 4.4
0.874 35 35 4.9
1.110 35 35 4.1
1.238 41.1 41.1 5
1.182 22.6 22.6 4.9
1.060 7.7 7.7 5.5
1.301 22 22 6.3
1.279 19 19 5.7
0.247 35 35 4.2
1.231 26.2 26.2 5.3
1.279 35 35 4.3
1.102 28.7 28.7 4.3
1.328 35 35 4.5
1.045 3.4 3.4 4.9
1.305 27.2 27.2 5.2
2.999 35 35 4.8
0.121 35 35 4.4
1.837 35 35 3.8
1.938 48.7 48.7 5.3
1.791 80 80 4.5
1.202 35 35 4.6
1.082 40 40 4.3
0.993 35 35 4.1
2.107 83.5 83.5 3.9
2.132 64.7 64.7 4.6
1.060 35 35 0
2.120 89.2 89.2 4.3
0.618 35 35 4.8
1.196 35 35 4.6
1.756 35 35 4.2
1.572 35 35 4.4
1.064 25.9 25.9 4.5
1.250 36.7 36.7 4.7
1.146 2.7 2.7 4.3
1.960 40 40 4.3
1.879 35 35 4.1
2.090 49 49 5.1
1.204 35 35 4.2
1.578 27.6 27.6 4.3
1.999 58.4 58.4 5
2.736 35 35 3.9
1.008 25 25 4.2
3.051 35 35 4.1
0.858 35 35 4.1
1.348 35 35 4.8
2.059 45.2 45.2 5
2.128 47.9 47.9 5.7
2.061 32 32 5.7
1.807 35 35 4.2
3.305 180.9 180.9 4.3
1.638 35 35 4.6
0.659 35 35 3.8
2.080 50.4 50.4 5.3
2.061 49.4 49.4 5
1.216 35 35 4.5
1.660 35 35 4.2
2.080 100.4 100.4 4
1.949 63.7 63.7 4.7
1.757 47.4 47.4 4.7
2.038 50.4 50.4 5.1
1.822 35 35 4.5
1.920 35 35 4.5
1.180 35 35 4.1
0.695 35 35 0
1.948 35 35 5.2
1.275 35 35 4.5
1.738 35 35 4.2
1.290 35 35 4.8
1.769 35 35 4.1
1.487 26.7 26.7 5
1.607 35.9 35.9 5.3
1.090 35 35 4.5
1.990 47.3 47.3 5.5
1.450 35 35 4.3
1.608 35 35 0
1.149 22.2 22.2 4.5
1.743 35 35 3.8
1.025 23.5 23.5 4.2
2.094 50.9 50.9 5
1.797 45.6 45.6 4.8
1.827 35 35 4.5
1.917 35 35 0
1.995 51.3 51.3 4.3
1.954 35 35 6
1.659 35 35 4.2
1.766 35 35 4.5
0.840 35 35 4.7
1.158 17.9 17.9 4.4
1.231 27.9 27.9 5.1
1.038 35 35 4.2
-13.529 10 10 4.9
1.359 43.6 43.6 5.1
1.266 35 35 0
1.312 35 35 4.2
1.581 50.2 50.2 4.9
1.318 35 35 4.8
1.774 35 35 4.6
1.844 35 35 4.9
1.448 35 35 4.3
1.958 102.9 102.9 4.7
2.146 71 71 4.8
2.001 35 35 5.4
1.010 35 35 4.7
1.605 35 35 4.4
2.052 55.9 55.9 5.9
1.268 40 40 4.7
1.920 33.1 33.1 4.7
1.134 29.5 29.5 4.9
1.267 15.1 15.1 4.8
1.860 35 35 4.6
1.346 51.6 51.6 4.8
1.269 15 15 5.9
-0.247 35 35 4.1
1.397 35 35 4.3
1.244 31.6 31.6 5.1
2.061 48 48 5.3
1.431 35 35 0
1.359 29.7 29.7 5.5
1.329 35 35 4.7
1.111 35 35 3.9
1.340 35 35 4.5
1.367 23.4 23.4 5
1.341 35 35 5.5
1.260 23.7 23.7 5.2
1.265 35 35 5.2
1.311 35 35 0
2.613 35 35 4.9
1.669 35 35 3.7
0.967 35 35 4.1
0.978 35 35 4.4
1.246 15 15 5.7
1.420 35 35 4.6
1.965 35 35 4.8
1.909 61.1 61.1 4.5
1.840 48.1 48.1 4.6
1.748 35 35 4.6
1.773 35 35 4.8
1.811 35 35 0
1.421 35 35 4.2
1.473 35 35 4.5
1.158 26.7 26.7 4.6
1.140 35 35 4.8
1.054 35 35 4.8
1.085 35 35 4.6
1.257 35 35 4.2
2.147 35 35 4.7
0.770 35 35 4.5
0.764 35 35 3.6
2.180 35 35 4.5
1.426 35 35 5
0.977 35 35 4.5
2.100 35 35 4.5
1.274 35 35 0
2.759 35 35 4.3
1.419 32.7 32.7 4.6
1.187 18 18 5.7
2.137 35 35 5
1.629 35 35 4.5
1.221 23.6 23.6 4.6
3.029 197.7 197.7 3.8
2.071 8.9 8.9 4.8
1.762 30.7 30.7 4.8
2.222 35 35 4.4
1.556 35 35 4.3
1.267 35 35 0
1.386 35 35 4
0.198 35 35 4.2
1.147 35 35 4
1.186 35 35 4.2
1.295 35 35 4.8
1.852 35 35 6
2.049 35 35 4.7
1.075 35 35 4.2
2.103 35 35 4.9
1.679 35 35 4.3
1.979 35 35 5.6
1.850 35 35 4.3
2.067 35 35 4.4
2.137 35 35 4.7
1.356 35 35 4.7
2.005 35 35 4.9
1.530 35 35 4.1
0.843 35 35 0
2.073 35 35 5.3
2.344 35 35 4.2
2.107 35 35 5.2
1.279 35 35 4.7
1.970 35 35 4.5
1.387 35 35 4
2.072 35 35 4.5
2.027 38.3 38.3 5.2
2.033 35 35 4.4
2.058 35 35 4.8
1.922 35 35 4.5
1.262 35 35 4.6
1.615 35 35 0
2.128 35 35 5
2.086 35 35 5.5
1.208 35 35 4.3
1.851 35 35 4.3
0.854 35 35 0
1.589 35 35 4.6
1.378 35 35 4.5
1.747 35 35 4.8
1.249 35.1 35.1 5
1.988 35 35 4.6
1.854 35 35 4.8
1.413 35 35 4.6
1.939 35 35 4.7
1.594 35 35 4.3
1.613 35 35 4.5
1.282 35 35 3.9
0.257 35 35 0
0.975 35 35 0
0.123 35 35 4
1.980 40 40 5.1
2.097 35 35 5
1.271 35 35 4.2
2.096 35 35 4.6
2.154 35 35 4.5
0.964 35 35 3.7
1.228 35 35 5.1
1.921 17.2 17.2 5.5
1.602 35 35 5
1.798 35 35 4.4
1.305 35 35 4.8
1.927 10.4 10.4 4.5
1.091 35.8 35.8 4.4
1.454 35 35 5.2
1.871 35 35 7.9
1.835 35 35 5.1
1.793 26.8 26.8 4.4
1.953 20.7 20.7 4.6
1.210 28.3 28.3 4.6
1.636 35 35 4.5
1.811 35 35 4.3
1.384 35 35 4.3
1.039 35 35 4
1.190 35 35 4.3
1.705 35 35 4.1
2.109 35 35 4.6
1.304 35 35 4.4
1.315 42.2 42.2 5
2.079 35 35 5.8
1.200 21.1 21.1 4.7
1.688 35 35 4.9
1.877 11.5 11.5 4.7
1.162 35 35 4.1
2.130 35 35 5.9
1.741 35 35 4.7
1.241 24 24 4.9
0.870 35 35 4.3
1.053 35 35 0
1.442 43 43 5.2
1.326 35 35 5
2.175 35 35 5.6
1.458 35 35 4.9
1.036 35 35 0
1.616 35 35 4.1
1.688 35 35 4.5
1.344 35 35 5.2
1.736 35 35 4.7
1.780 35 35 4.7
2.052 35 35 0
1.145 35 35 0
1.228 35 35 5.5
2.706 35 35 5
3.030 167.5 167.5 4.3
2.235 30 30 4.2
3.058 210.1 210.1 3.9
1.256 30 30 4.4
1.996 45.6 45.6 5
3.115 163.9 163.9 4.1
1.997 54.3 54.3 4.4
1.129 30 30 4.6
3.388 188.9 188.9 3.8
-14.136 10 10 4.4
1.738 30 30 4
2.441 113.2 113.2 4.2
3.264 186.2 186.2 4.4
1.332 30 30 4.7
3.362 190.8 190.8 4.6
3.200 174.1 174.1 4.6
1.707 30 30 4.2
1.817 40.1 40.1 4.5
1.517 30 30 0
3.161 30 30 4.5
3.599 282.5 282.5 4
2.222 79.7 79.7 4.4
3.387 166 166 4.5
2.277 100 100 4.4
1.442 36.9 36.9 4.8
2.934 150 150 3.9
-4.306 10 10 4.3
2.268 10 10 4
1.600 75.3 75.3 4.5
-4.428 20.7 20.7 5.6
1.812 40 40 0
2.952 192.3 192.3 3.9
1.321 40 40 4.3
2.256 100 100 4.4
1.110 40 40 4.7
1.667 65 65 4.6
-0.762 17.4 17.4 4.8
2.929 33 33 4.6
2.078 33 33 0
1.839 33 33 4.7
2.121 33 33 5.6
3.036 177.7 177.7 4.6
1.203 33 33 4.6
2.011 43.9 43.9 5.1
2.195 50.6 50.6 4.8
3.491 231.6 231.6 5.8
3.208 200 200 4.4
2.055 33 33 5
3.585 200 200 4.1
2.093 73.6 73.6 5.2
2.152 66.9 66.9 4.8
2.328 67.1 67.1 5
2.529 103 103 4.5
2.772 33 33 5.1
2.792 84.6 84.6 4.6
3.258 200 200 3.9
2.206 33 33 5.6
3.013 33 33 4.5
2.622 100 100 4.6
3.197 150 150 4.3
1.670 33 33 4.6
3.625 221 221 4.6
2.273 91.4 91.4 4.3
3.560 256.5 256.5 3.8
2.857 100 100 4.1
3.738 223.8 223.8 4
3.136 151.7 151.7 4.8
2.824 33 33 5.3
2.679 33 33 6.8
2.847 61.5 61.5 4.7
2.742 150.7 150.7 3.9
2.956 68 68 4.5
4.752 33 33 4.4
3.709 235.9 235.9 5.1
2.123 68.5 68.5 5.4
3.262 33 33 4.5
-6.491 10 10 5.1
1.520 58.5 58.5 5.1
3.410 200.1 200.1 4.7
3.037 171.4 171.4 4.3
2.984 145.7 145.7 4.9
2.865 140.8 140.8 4.6
1.576 33 33 4.9
3.158 191.1 191.1 4.7
3.405 215.9 215.9 4.7
2.062 51.8 51.8 5.1
1.385 25.3 25.3 5.4
1.441 57.6 57.6 5.4
-8.526 24.8 24.8 5.9
-0.129 33 33 5
3.412 208.2 208.2 4.9
2.924 159.2 159.2 4
2.052 74.2 74.2 4.7
2.446 103.8 103.8 4.6
2.336 109.8 109.8 4.5
2.229 80.7 80.7 5
3.299 179 179 4.7
0.826 33 33 4.4
3.247 198.7 198.7 4.7
2.282 53.1 53.1 5.3
3.192 50.4 50.4 4.7
3.224 175.2 175.2 4.8
2.150 83.8 83.8 5.3
2.124 148.5 148.5 4.9
3.351 57.9 57.9 4.5
2.203 74.2 74.2 5.2
3.282 180.5 180.5 4.1
1.681 33 33 4.5
1.551 33 33 4.7
2.887 154.3 154.3 4.6
1.337 39.3 39.3 4.9
2.768 33 33 4.8
1.816 51.6 51.6 5.3
1.931 54.1 54.1 5.5
0.375 31 31 5.2
1.690 33 33 4.6
2.093 72 72 5.1
2.092 54 54 5.5
2.904 151 151 3.8
-0.883 33 33 5
-0.843 31 31 5.7
3.346 213 213 4.5
2.426 88 88 5.2
2.047 53 53 5.5
1.386 57 57 5
2.178 33 33 5.4
3.082 138 138 5.5
2.614 102 102 5
1.439 37 37 5.3
2.989 37 37 5
2.482 95 95 6
2.138 56 56 5.4
2.116 52 52 5.7
1.947 33 33 5.1
2.397 68 68 5.2
2.438 80 80 4.7
1.983 80 80 5.1
1.895 51 51 5.5
2.202 105 105 5.2
1.650 36.8 36.8 6
3.365 171.1 171.1 5.5
-2.844 13.7 13.7 6.4
2.814 140 140 5.6
1.204 25 25 5.6
1.977 49.6 49.6 5.7
2.135 45 45 6.6
-0.944 15 15 6.4
1.942 25 25 6.8
