1.971 38.67 38.67 4.4
1.782 35.79 35.79 4.3
1.956 10 10 4.6
2.376 67.3 67.3 4.6
1.090 13.87 13.87 4.4
2.146 55.73 55.73 4.1
1.154 10.5 10.5 4.9
1.217 4.22 4.22 4.3
1.139 15.19 15.19 4.2
1.290 10 10 5
2.884 121.35 121.35 4.4
1.104 10 10 4.6
1.253 21 21 5.5
1.198 18.03 18.03 4.3
0.944 10 10 4.5
1.269 10 10 4.6
0.966 15.2 15.2 4.2
0.671 10 10 4.1
1.117 14.97 14.97 4.1
1.033 15.2 15.2 5
1.400 26 26 6.9
1.250 22 22 6.8
3.879 291.06 291.06 4.2
2.981 39.42 39.42 4.1
2.287 49.27 49.27 4.1
2.075 46.75 46.75 4.4
2.243 71.17 71.17 4
1.871 42.01 42.01 4.4
1.466 19.13 19.13 4.3
1.530 35 35 4
2.884 194.71 194.71 4
1.176 10 10 4.4
1.165 10 10 4.3
1.192 10 10 5.1
1.142 10 10 4.7
1.219 19 19 5.9
2.510 78.41 78.41 4.4
2.070 58.51 58.51 4.9
1.891 37.61 37.61 4.4
1.787 45.9 45.9 4.1
1.771 35 35 4.5
2.590 87.29 87.29 5.1
3.425 211.63 211.63 4.1
-9.660 10 10 4.7
1.849 39 39 5.4
3.522 236.61 236.61 4.1
3.137 166 166 5.7
2.014 51.15 51.15 4.5
-8.408 10 10 4.7
1.988 42.13 42.13 5.2
1.758 44.88 44.88 4.8
2.359 37.08 37.08 4.5
2.128 45.56 45.56 5.2
1.515 35 35 4.2
2.561 81.03 81.03 4.2
2.557 99.08 99.08 4.5
1.170 35 35 4.7
2.782 117.01 117.01 4.9
1.918 46.13 46.13 4.3
2.135 65.86 65.86 4.6
0.692 10 10 4.3
0.705 10 10 4.1
0.779 10 10 4.5
2.211 58.93 58.93 4.2
2.503 53.08 53.08 4.1
1.000 10 10 4.3
2.080 49.22 49.22 4.6
2.756 45.54 45.54 5.1
1.747 29.4 29.4 4.2
1.953 39.82 39.82 4.5
-4.893 10 10 5
2.560 80.93 80.93 5
1.916 76.33 76.33 4.5
1.743 35 35 4.3
1.953 31 31 6.4
1.046 14.82 14.82 4.7
2.063 40.89 40.89 4.2
2.191 64.6 64.6 5.2
1.249 36.84 36.84 4.8
2.065 42.72 42.72 5.4
2.943 164.67 164.67 4.3
3.301 225.65 225.65 4.1
0.679 10 10 4.5
1.996 44.36 44.36 4.2
1.843 70.75 70.75 4.2
2.106 60.16 60.16 4.4
3.577 187.76 187.76 4.3
1.875 39.77 39.77 5.4
2.977 54.34 54.34 4.4
0.928 35.24 35.24 4.4
3.044 159.87 159.87 5.1
1.244 34.86 34.86 4.3
3.237 175.3 175.3 4.1
1.873 38.68 38.68 4.6
1.968 53.65 53.65 4.7
2.407 57.99 57.99 4.4
2.001 69.38 69.38 4.4
3.364 197.34 197.34 4.2
1.912 64.02 64.02 4.9
1.452 50.09 50.09 4.4
1.722 48.49 48.49 4.4
2.293 55.11 55.11 4.4
0.577 12 12 4.4
3.178 155.33 155.33 4.2
2.095 57.25 57.25 5.1
1.245 32.59 32.59 4.7
2.193 60.97 60.97 4.4
2.272 86.7 86.7 4.5
2.241 102.42 102.42 4.5
2.067 57.42 57.42 4.5
1.358 36.43 36.43 4.5
2.083 57.96 57.96 4.7
3.375 80.28 80.28 4.3
0.967 30.12 30.12 4.6
1.957 52.26 52.26 4.2
2.583 58 58 4.2
-10.304 10 10 4.5
0.933 14.98 14.98 4.1
-10.406 16.34 16.34 4.4
2.531 63.41 63.41 4.3
3.104 169.66 169.66 5.1
-10.382 10 10 4.5
-10.347 4 4 6.5
2.735 105.3 105.3 4.1
0.733 11.4 11.4 4.9
0.691 14.23 14.23 4.8
0.814 13.96 13.96 5.3
2.105 56 56 4.7
0.940 17.32 17.32 4.5
2.067 49.78 49.78 4.2
1.984 70.85 70.85 4.7
2.862 100.09 100.09 4.7
1.806 44.76 44.76 4.4
1.938 57.4 57.4 5.2
2.807 28.5 28.5 4.2
1.960 35.5 35.5 4.3
2.195 80.7 80.7 4.3
1.322 10 10 4
3.737 35 35 4.1
2.553 29.7 29.7 4.6
3.814 35.4 35.4 4.1
2.090 53.5 53.5 4.2
2.642 85.5 85.5 4.2
1.909 43.5 43.5 4.2
1.240 37.7 37.7 4.6
2.035 50.3 50.3 4.3
-2.595 10 10 4.5
1.981 57 57 4.5
2.134 65.5 65.5 4.7
1.668 54.9 54.9 4.6
1.906 62.5 62.5 4.5
3.456 201.8 201.8 4.2
2.158 35 35 4.3
1.294 15.7 15.7 5.2
3.324 211.8 211.8 4.1
2.224 62.9 62.9 4.5
0.622 7.3 7.3 4.8
2.498 80.3 80.3 5.4
1.857 54.2 54.2 4.6
1.075 4 4 4.2
1.246 12 12 4.6
0.357 10.5 10.5 4.2
0.715 24.6 24.6 4.5
0.776 32.7 32.7 4.9
1.075 10 10 5
10.451 2.7 2.7 4.7
1.420 35 35 4.6
1.953 28 28 4.4
1.860 35 35 4.3
1.962 59 59 4.7
3.329 211.8 211.8 4.5
1.325 18.3 18.3 4.9
1.256 18.1 18.1 4.8
2.480 97.2 97.2 4.8
1.187 19.5 19.5 5.1
2.121 62.8 62.8 4.8
1.431 21.6 21.6 5.7
1.231 24.9 24.9 4.5
2.178 69.6 69.6 4.9
1.988 55.7 55.7 4.5
1.417 50.3 50.3 4.6
1.052 24.6 24.6 4.5
2.304 73.2 73.2 5.6
2.732 112.5 112.5 4.6
3.131 91.2 91.2 4.3
0.958 35 35 5
2.296 86.8 86.8 4.8
2.809 63.6 63.6 4.4
1.382 32.4 32.4 4.8
1.341 27.6 27.6 5.4
1.414 38.4 38.4 4.1
1.340 24.1 24.1 5.3
3.319 193.2 193.2 4.7
1.362 27.8 27.8 5.2
1.127 25.8 25.8 4.7
1.104 22.5 22.5 4.6
1.368 30.3 30.3 4
1.419 44.4 44.4 4.7
1.354 27 27 6.5
1.546 54.2 54.2 4.7
2.658 96.4 96.4 4.9
1.239 33.8 33.8 4.5
1.375 35 35 5.4
1.414 26 26 6.8
1.069 42.7 42.7 4.7
0.669 10 10 4.3
1.988 55.2 55.2 4.9
3.241 132.8 132.8 4.3
1.209 35 35 4.7
2.331 81 81 4.7
1.971 59.1 59.1 4.6
0.753 36.4 36.4 4.8
1.831 38.7 38.7 5.3
1.591 47.5 47.5 4.7
1.451 28.5 28.5 4.7
2.136 35 35 4.5
1.372 35 35 5
1.071 35 35 4.7
1.334 26.5 26.5 5.3
1.384 19 19 5.5
1.320 10 10 4.1
1.275 10 10 5.1
1.357 10 10 4.5
1.333 20 20 5.9
1.268 14.1 14.1 5.7
1.173 35 35 5.1
1.574 45 45 4
1.412 23.4 23.4 5.7
1.343 24 24 6.3
1.952 35 35 4.2
0.876 35 35 4.1
2.030 44.1 44.1 4.4
0.897 35 35 4.1
2.316 77.7 77.7 4.6
1.146 35 35 4.2
1.275 35.5 35.5 5.1
0.694 10 10 4.4
-2.611 1.6 1.6 4.4
2.221 35 35 0
0.841 35 35 4.9
1.229 26.1 26.1 3.8
1.452 24 24 5
2.096 50.4 50.4 4.9
1.359 35 35 4.3
1.341 36.3 36.3 5.3
1.199 35 35 4.6
1.395 23 23 5.8
1.116 35 35 4.4
2.148 75.3 75.3 5.1
0.930 35 35 3.9
1.289 32.5 32.5 4.8
1.420 35 35 4
1.516 35 35 4.4
1.623 35 35 4.1
1.295 28.9 28.9 4
1.835 146.4 146.4 3.8
1.153 22.3 22.3 5.2
1.466 19 19 5.5
1.345 26.4 26.4 4.6
2.126 35 35 4.1
2.026 46.4 46.4 5.2
1.029 35 35 3.9
1.156 35 35 4.9
2.148 35 35 4.1
0.899 25.3 25.3 4
2.059 116.3 116.3 4.3
1.131 35 35 4.6
1.564 45 45 5
1.357 29.8 29.8 5
1.264 27.2 27.2 5
2.285 35 35 3.9
1.443 35 35 4.2
1.462 33.4 33.4 5.4
1.447 27.5 27.5 5.6
0.854 10 10 4.1
1.356 27 27 5.3
1.433 20 20 5.9
2.278 44.2 44.2 5.2
1.469 18 18 4.1
1.190 35 35 4.1
1.208 29.1 29.1 4.8
0.905 35 35 3.9
2.459 128.1 128.1 4
2.032 35 35 5.3
1.600 35 35 4.5
1.032 35 35 4.2
1.162 26.8 26.8 4.8
1.254 17.9 17.9 4.1
1.532 26.2 26.2 4.3
1.341 27.3 27.3 5.2
1.383 25.7 25.7 5.2
1.582 20.3 20.3 4.6
0.891 22.7 22.7 5
1.283 40 40 4.9
1.379 27.4 27.4 5.1
6.446 10 10 4.1
1.293 10 10 5.3
1.392 35 35 4.6
0.246 35 35 4.6
1.079 35 35 4.3
0.978 35 35 4.5
1.176 35 35 4.1
1.356 35 35 5.4
1.108 26.6 26.6 4.4
0.943 26.2 26.2 4
1.492 27 27 4.4
0.961 35 35 3.7
1.164 35 35 4.3
1.224 25.8 25.8 4.9
1.356 35 35 4.4
1.339 35 35 5.1
1.514 25.2 25.2 5
1.145 19.6 19.6 4.5
1.301 35 35 4.2
1.883 35 35 4.8
1.463 27.4 27.4 4.2
0.891 35 35 5.1
1.336 61.4 61.4 4.9
1.177 35 35 3.7
1.440 35 35 4.9
1.369 21 21 6.8
1.209 35 35 4.3
2.247 42.6 42.6 4.8
1.389 27.6 27.6 5.6
1.193 26.7 26.7 4.4
2.188 39.4 39.4 4.9
1.449 35 35 4.8
1.420 35 35 4.2
1.039 35 35 4.5
1.863 35 35 4.3
0.788 35 35 0
1.832 35 35 4
1.490 35 35 4.4
1.511 35 35 4.4
3.213 35 35 4.5
1.332 35 35 5.4
2.189 35 35 4.2
0.971 35 35 3.9
0.853 35 35 4.4
1.150 35 35 4.7
1.395 35 35 5.1
1.079 35 35 4.3
0.894 35 35 0
1.753 35 35 0
1.935 35 35 4.6
1.358 22 22 5.9
2.114 37.4 37.4 4.6
1.351 35 35 4.1
1.720 35 35 4.4
1.426 35 35 4.8
1.818 27.7 27.7 4.5
1.343 35 35 5
1.500 35 35 5.3
1.357 39.8 39.8 5
1.366 26.7 26.7 5.1
1.331 35 35 5.4
1.764 35 35 4.7
1.175 28.8 28.8 5
1.985 36.2 36.2 4.6
1.768 35 35 4.6
-0.235 35 35 4.5
1.161 35 35 4.3
0.986 9.4 9.4 4.5
1.340 27.1 27.1 5
1.624 35 35 4.4
1.310 27.2 27.2 4.8
2.988 35 35 4.2
1.972 35 35 4.1
2.674 35 35 3.9
1.302 25.2 25.2 5
3.160 35 35 4.3
2.153 35 35 4.2
1.527 35 35 4.5
3.284 35 35 4.5
1.842 35 35 0
1.282 25.4 25.4 5.1
0.941 35 35 4.4
1.544 35 35 4.7
1.581 35 35 4.7
1.854 35 35 4.9
1.272 35 35 4.9
1.718 35 35 4.4
1.370 35 35 5
1.247 35 35 0
1.317 35 35 4.4
1.355 35 35 5.1
2.971 35 35 5.3
2.731 35 35 4.4
1.467 35 35 0
1.045 25.3 25.3 5.8
1.406 23 23 6.4
1.237 27.5 27.5 4.9
2.125 26.8 26.8 5.4
1.373 35 35 4.3
1.381 26.3 26.3 4.4
2.175 53 53 6
1.350 35 35 3.5
1.380 24.7 24.7 5.2
1.334 35 35 4.1
1.627 35 35 4.4
1.218 35 35 4.5
1.381 35 35 5.1
2.157 35 35 5.1
1.361 35 35 4.6
1.750 35 35 0
1.723 35 35 4.5
1.319 35 35 5
2.136 35 35 4.6
0.905 27.4 27.4 4.9
1.174 28.9 28.9 5
1.769 35 35 4.1
1.347 36.9 36.9 4.4
2.035 30.6 30.6 5
1.420 24.9 24.9 4.6
1.294 26.7 26.7 5.1
1.267 35 35 4.1
1.362 26.4 26.4 4.7
1.424 28.4 28.4 5.1
1.280 28.1 28.1 4.4
1.848 30 30 4.1
1.584 35 35 4.1
1.369 17.4 17.4 4.7
1.347 13.4 13.4 4.8
1.305 35 35 4.3
1.554 35 35 4.1
1.549 35 35 4.4
0.842 35 35 4.4
1.352 35 35 4.2
1.008 35 35 4.2
1.537 35 35 4.5
1.414 35 35 5
1.179 35 35 3.9
1.703 35 35 4.4
1.345 35 35 4.4
1.541 35 35 4.4
1.605 35 35 4.3
1.002 23.2 23.2 4.1
1.356 25.7 25.7 4.9
1.162 24.9 24.9 3.9
1.470 21.4 21.4 4.7
1.974 35 35 4.7
1.864 35 35 4.7
1.623 35 35 4.5
1.466 35 35 5
1.477 35 35 5.3
1.389 34 34 8.4
3.282 128.6 128.6 3.8
2.380 81.1 81.1 4.6
1.754 30 30 4.1
2.224 30 30 4.2
1.859 30 30 0
2.058 74.4 74.4 4.1
1.440 35.4 35.4 4.5
2.735 30 30 4.3
1.502 30 30 4.4
2.221 30 30 4.2
1.752 10 10 4.2
1.707 35 35 4.7
3.146 193.8 193.8 4.1
1.707 30 30 4.8
-9.668 10 10 4.9
-9.583 10 10 4.5
-9.577 10 10 4.8
-9.570 10 10 4.8
2.152 30 30 4.6
2.395 30 30 4.3
1.353 28.7 28.7 4.9
1.398 30 30 4.8
1.422 30 30 4.3
1.311 30 30 4.4
2.765 130.3 130.3 4.7
2.861 103.6 103.6 4.9
1.414 30 30 4.5
1.826 10 10 4.6
3.051 228.8 228.8 4
1.583 30 30 4.1
1.599 30 30 4.3
2.210 30 30 4.5
2.521 67.7 67.7 5.6
2.058 35 35 4.4
1.942 44 44 4.6
2.481 25 25 4.8
1.232 27 27 4.7
2.099 52.2 52.2 5
1.910 30 30 4.9
2.182 45.8 45.8 4.3
2.459 83.8 83.8 4.9
2.344 82.2 82.2 5.2
1.840 57.4 57.4 4.7
1.503 30.4 30.4 4.4
2.051 82.4 82.4 4.7
4.009 604.7 604.7 3.8
4.665 582.1 582.1 7.3
1.909 30 30 4
1.190 33 33 4.8
2.554 24.8 24.8 4.8
2.390 33 33 5.4
3.715 228.8 228.8 4
1.630 33 33 4.1
4.674 400 400 0
2.392 75.2 75.2 5.1
2.611 136.7 136.7 4.1
2.052 65.6 65.6 4.5
2.721 75.7 75.7 5.2
3.526 201.7 201.7 4.3
2.141 53.2 53.2 5.1
2.271 33 33 4.9
1.484 33 33 4.5
2.087 33 33 5.1
2.285 33 33 4.2
1.563 32.6 32.6 5.1
1.692 33 33 4.6
2.672 111.6 111.6 4.2
1.657 33 33 5.4
1.461 33 33 4.6
2.748 100 100 4.4
3.686 250 250 4
2.192 59.2 59.2 4.4
1.458 33 33 4.2
1.555 33 33 5.2
1.681 33 33 5
1.744 33 33 5.2
1.578 33 33 4.7
1.665 33 33 4.7
1.436 33 33 4.8
1.259 33 33 4.6
1.586 33 33 4.3
1.702 66.6 66.6 4.9
1.916 55.4 55.4 5.4
1.591 33 33 4.8
1.718 57.7 57.7 5.7
1.780 33 33 4.9
1.697 33 33 5.6
1.664 33 33 5.2
1.529 33 33 5.1
1.725 33 33 5.4
1.954 28 28 6.9
1.961 33 33 6
2.123 33 33 4.5
2.148 33 33 4.8
2.631 92.7 92.7 4.3
1.628 33 33 5.1
1.734 33 33 4.4
1.727 33 33 4.1
1.917 33 33 4.2
1.422 33 33 4.3
2.065 33 33 4.9
1.842 33 33 4.8
2.094 33 33 5.5
1.861 33 33 4.5
2.177 33 33 4.6
-0.002 33 33 4.4
3.364 181.6 181.6 4
2.969 170.3 170.3 4.4
2.172 33 33 4.1
2.858 159.8 159.8 4.2
1.642 90 90 4.3
2.098 33 33 4.6
2.152 58.6 58.6 4.8
2.068 50.7 50.7 4.4
2.174 52 52 4.6
2.238 33 33 5.1
1.965 33 33 4.3
2.282 33 33 4.6
2.605 107.5 107.5 5.9
-15.124 10 10 4.3
3.001 100 100 4.6
2.038 81 81 4.7
2.640 91.6 91.6 4.5
3.872 246.5 246.5 4.2
-7.134 10 10 5.4
2.832 99.9 99.9 4.4
2.364 100 100 4.6
3.090 100 100 4.4
2.878 127.1 127.1 4.5
2.255 57 57 5.1
2.787 50.7 50.7 4.3
2.340 73.8 73.8 4.8
3.590 171.4 171.4 4.5
2.289 95.3 95.3 4.7
1.394 33 33 4.7
1.852 42.1 42.1 5
2.031 45.2 45.2 5.1
2.259 58.3 58.3 5.7
2.451 76.1 76.1 5.1
2.094 33 33 5.3
2.386 72 72 5.3
0.933 33 33 4.9
2.482 58.7 58.7 5.7
2.947 112.7 112.7 5.5
2.493 58.6 58.6 5
2.089 65.3 65.3 5.1
2.134 33 33 4.6
2.550 110.9 110.9 5.3
1.298 51.9 51.9 4.3
1.617 33 33 3.9
1.510 30.6 30.6 5.7
1.635 33 33 5
1.509 32.4 32.4 6.1
1.460 30.3 30.3 5.7
1.472 27.4 27.4 6
1.569 33 33 4.8
2.546 108.1 108.1 5.2
1.541 35.4 35.4 5.1
3.422 200.3 200.3 4.6
3.080 156 156 4.9
1.782 10 10 3.6
2.752 125.8 125.8 4.7
-10.021 10 10 5.5
2.049 33 33 4.2
3.351 195.3 195.3 5
2.524 117.9 117.9 4.5
0.429 33 33 4.7
2.164 33 33 4
4.147 308.4 308.4 4.4
2.312 88.7 88.7 4.5
3.409 197.1 197.1 5
1.321 33 33 5.4
2.210 67.2 67.2 5.3
1.591 42 42 4.6
2.319 86.2 86.2 4.9
1.974 58.9 58.9 4.5
1.521 33 33 4.7
2.141 83.1 83.1 5
2.448 77.9 77.9 5.2
2.053 56.6 56.6 4.9
-14.121 10 10 4.5
3.073 65 65 5
1.488 33 33 5
2.768 33 33 5
2.951 33 33 5
3.128 33 33 6.6
1.436 34 34 5.2
1.183 26 26 5
2.627 107 107 4.6
1.339 33 33 4.2
1.492 33 33 5.2
1.474 32 32 6.2
3.029 133 133 5.1
2.294 84 84 5.3
3.086 33 33 4.8
2.257 65 65 5.6
-9.512 15 15 5.8
-9.340 20 20 7
2.396 15 15 6.3
2.164 45 45 6.8
2.850 15 15 7.4
0.865 27.5 27.5 6.3
1.852 25 25 6.5
2.042 35 35 7.6
