1.506 27.65 27.65 4.6
2.084 42.46 42.46 4.3
2.435 55.23 55.23 5.2
2.659 82.23 82.23 4.2
2.044 10 10 4.9
2.532 84.1 84.1 4.7
2.473 58.24 58.24 4.4
1.931 25.95 25.95 4.8
2.508 62.9 62.9 4.3
1.289 27.84 27.84 4.5
2.351 53.68 53.68 4.8
2.416 54.02 54.02 5.3
2.872 67.47 67.47 4.4
2.653 64.46 64.46 4.2
3.050 107.03 107.03 4.3
2.480 54.26 54.26 4.9
1.895 38.64 38.64 4.3
1.770 35 35 4.1
1.855 35 35 4.6
2.425 61.37 61.37 4.6
2.951 137.53 137.53 4.3
3.107 59.44 59.44 4.7
2.332 50.92 50.92 4.8
2.229 35 35 4.4
1.941 35 35 4.9
1.792 35 35 4.3
1.708 35 35 5
3.141 93.99 93.99 5.1
2.201 35 35 4.9
2.621 62.89 62.89 4.7
1.888 34.91 34.91 4.8
2.353 52.78 52.78 4.6
2.146 73.43 73.43 4.2
2.047 42.56 42.56 4.7
1.734 47.98 47.98 4.8
2.125 31.85 31.85 4.3
1.885 41.31 41.31 4.6
1.984 45.16 45.16 4.4
4.198 345.27 345.27 4
2.602 64.76 64.76 4.5
1.990 52.12 52.12 4.2
2.689 69.02 69.02 4.6
0.653 10 10 4.4
0.518 10 10 4.7
1.459 35 35 5.1
2.143 57.42 57.42 5
3.519 10 10 4.5
1.964 31.76 31.76 4.4
1.305 26.07 26.07 4.7
1.871 20.98 20.98 4.8
2.121 15.44 15.44 4.9
1.881 35 35 4.7
1.350 10 10 4.6
1.489 35 35 4.6
2.242 58.2 58.2 4.9
1.678 23.66 23.66 4.7
2.553 63.84 63.84 4.8
2.415 38.89 38.89 4.4
2.508 50.13 50.13 5
1.833 42.9 42.9 5.1
2.014 49.87 49.87 4.6
2.516 52.13 52.13 4.4
2.665 72.35 72.35 4.5
1.925 43.3 43.3 4.4
1.720 39.85 39.85 4.4
2.173 35 35 4.9
2.106 60.79 60.79 4.5
2.378 59.14 59.14 5
1.950 36.85 36.85 4.2
2.819 89.86 89.86 4.8
4.343 365.24 365.24 4
1.783 35.75 35.75 4.5
1.809 53.16 53.16 4.7
1.448 44.24 44.24 4.2
3.540 154.3 154.3 4.5
2.603 63.67 63.67 5.3
2.137 49.7 49.7 4.3
1.803 32.3 32.3 4.6
0.074 10 10 4.9
2.505 60.33 60.33 4.5
2.219 71.33 71.33 4.2
2.334 69.24 69.24 4.7
2.477 57.68 57.68 4.7
2.154 52.09 52.09 4.8
2.207 53.4 53.4 4.3
1.929 44.72 44.72 4.7
2.442 53.36 53.36 5.3
1.646 42.19 42.19 4.4
0.661 10 10 4.9
3.537 38.94 38.94 4.6
2.739 57.53 57.53 4.3
1.834 38.72 38.72 4.6
1.879 35.84 35.84 4.6
1.903 50.48 50.48 5.1
0.544 10 10 4.6
0.788 10 10 4.9
0.770 10 10 5.3
2.194 47.95 47.95 4.2
2.777 62.58 62.58 4.6
2.382 52.51 52.51 4.3
2.034 53.27 53.27 4.4
2.353 52.62 52.62 4.3
2.204 42.73 42.73 4.4
2.201 62.1 62.1 4.6
2.482 57.17 57.17 4.4
2.042 44.58 44.58 4.8
2.286 57.83 57.83 5
2.310 53.84 53.84 4.6
3.026 81.24 81.24 4.2
2.499 63.91 63.91 4.6
1.705 9.76 9.76 4.2
1.616 31.98 31.98 4.3
1.534 31.82 31.82 4.3
1.843 47.46 47.46 4.4
-12.599 10 10 4.6
2.152 49.18 49.18 4.2
1.714 38.71 38.71 4.6
2.580 59.05 59.05 5.5
1.491 18.3 18.3 5.3
1.702 35 35 4.6
2.322 51.19 51.19 4.7
-0.294 10 10 5
2.154 70.19 70.19 5.2
1.816 42.39 42.39 4.5
2.072 37.52 37.52 4.4
3.301 147.51 147.51 4.2
2.642 71.56 71.56 4.6
2.578 58.04 58.04 4.4
2.018 41.47 41.47 4.3
2.261 41 41 5.7
2.128 35 35 4.2
2.216 47.62 47.62 4.4
1.144 10 10 4.1
1.297 35 35 4.3
2.490 48.6 48.6 5.1
1.514 26.75 26.75 4.5
1.737 20.1 20.1 4.4
2.424 61.4 61.4 4.4
2.772 55.12 55.12 4
2.904 73.35 73.35 4.3
1.733 35 35 4.2
2.329 64.76 64.76 4.9
2.370 55.1 55.1 4.4
2.626 40.33 40.33 5.3
2.488 61.55 61.55 5.1
1.883 70.59 70.59 4.1
1.493 36.6 36.6 4.8
2.341 56.15 56.15 4.1
1.602 21.34 21.34 4.5
2.527 67.43 67.43 4.6
2.446 63.5 63.5 5.2
2.047 49.3 49.3 4.6
1.965 55.09 55.09 4.6
2.362 50.98 50.98 4.3
2.601 68.59 68.59 4.8
2.548 65.43 65.43 4.5
1.257 24.87 24.87 4.3
2.243 65.38 65.38 4.6
2.064 48.5 48.5 4.9
1.864 41.96 41.96 4.4
2.210 50.48 50.48 5
2.476 60.55 60.55 4.9
3.235 36.71 36.71 4.7
5.787 14.89 14.89 4.2
1.591 40.51 40.51 4.4
2.396 54.94 54.94 4.6
2.414 62.3 62.3 4.1
1.787 28.05 28.05 4.3
2.234 58.73 58.73 4.2
3.032 147.45 147.45 4.2
2.462 62.58 62.58 4.8
2.088 35 35 4.2
2.327 55.62 55.62 4.5
2.488 63.32 63.32 5
2.566 63.09 63.09 4.6
2.478 61.95 61.95 4.4
2.530 99 99 4.4
2.280 58.64 58.64 4.8
1.529 38.54 38.54 4.3
1.758 44.12 44.12 5.7
4.236 35 35 4.1
4.202 292.74 292.74 4.7
2.510 41.69 41.69 4.4
2.060 58.72 58.72 4.7
2.612 104.38 104.38 4.3
3.057 59.45 59.45 4.3
2.414 65.01 65.01 4.9
2.067 49.32 49.32 4.7
2.760 66.73 66.73 4.7
2.792 77.78 77.78 4.4
3.268 166.45 166.45 4.4
1.437 30.6 30.6 4.3
2.676 68.99 68.99 5.1
2.447 62.06 62.06 4.5
2.236 55.7 55.7 4.6
1.776 35 35 4.2
2.480 63.3 63.3 4.2
2.422 60.9 60.9 4.8
1.999 41.3 41.3 5.1
1.806 34.3 34.3 4.9
1.508 30.2 30.2 4.3
2.540 70.5 70.5 5.1
2.497 59.9 59.9 4.9
1.805 41 41 4.8
2.590 35.3 35.3 5.2
2.505 48.4 48.4 4.3
2.717 72 72 4.5
1.332 10 10 4.2
1.412 10.6 10.6 4.8
2.002 58 58 4.2
2.310 58.1 58.1 4.2
2.625 66.3 66.3 5.2
2.663 58.3 58.3 4.5
2.693 70.5 70.5 5.2
2.741 52.4 52.4 4.9
2.642 63.9 63.9 5.3
2.084 35 35 4.2
2.379 35 35 4.2
2.577 60.2 60.2 5
2.697 63.3 63.3 4.5
2.543 65.6 65.6 4.7
3.486 74.9 74.9 4.3
2.119 41.4 41.4 4.6
1.970 54.6 54.6 4.7
2.273 39.9 39.9 4.7
2.596 72.9 72.9 5.1
1.468 19.2 19.2 4.7
2.060 35 35 4.1
2.745 35 35 5
-15.788 10 10 4.4
2.631 58.8 58.8 4.7
2.509 65.3 65.3 4.8
2.142 48.4 48.4 5.3
1.632 16.6 16.6 4.7
3.019 108.8 108.8 5.1
2.727 66.6 66.6 4.6
-0.198 10 10 4.3
2.584 35 35 4.3
2.610 69.7 69.7 4.8
1.842 60.1 60.1 4.5
2.408 63.8 63.8 5
2.373 64.7 64.7 4.8
1.899 46.3 46.3 4.4
2.600 66 66 4.3
1.345 32.6 32.6 4.6
1.525 31.6 31.6 5.2
1.884 38.1 38.1 4.7
2.394 68.7 68.7 4.6
2.293 53.6 53.6 5
1.866 39.9 39.9 5
2.162 35 35 4.3
1.567 26 26 5.6
-0.685 35 35 4.2
1.611 35 35 4.1
1.952 43.1 43.1 4.9
1.893 37.8 37.8 4.5
2.151 56 56 5.3
2.182 36 36 6
2.630 30.2 30.2 4.5
2.173 53.4 53.4 4.6
1.972 40.8 40.8 4.2
2.444 56.3 56.3 4.5
2.428 63.2 63.2 4.2
2.535 66.3 66.3 4.9
1.472 35 35 4.2
1.557 24 24 4.5
2.455 63 63 4.9
2.280 57.5 57.5 4.3
2.306 54.1 54.1 4.7
1.218 11.3 11.3 4.3
1.625 43.1 43.1 4.2
1.913 51.6 51.6 4.7
2.329 55 55 4.1
1.967 35 35 4.4
3.455 138.5 138.5 5.2
2.164 61.4 61.4 4.4
1.018 35 35 4.6
2.581 66.5 66.5 4.5
2.270 35 35 5.1
0.702 35 35 4.6
0.897 25.7 25.7 5.2
2.103 35 35 4.5
2.305 59 59 4.9
1.883 47.8 47.8 4.7
2.866 67.2 67.2 4.1
1.123 13.7 13.7 5.2
1.667 35 35 4.2
1.709 37.9 37.9 4.4
2.536 70 70 5
2.615 61.5 61.5 4.9
2.691 73.3 73.3 5
1.864 39.4 39.4 4.4
2.742 69.2 69.2 5.4
1.759 52.6 52.6 4.5
2.480 67.5 67.5 5
2.491 87.1 87.1 4.2
2.416 35 35 4.4
1.948 35 35 4.5
0.667 30.4 30.4 4.6
2.472 69.6 69.6 5
1.484 58.4 58.4 4.6
1.017 3.9 3.9 5.2
1.134 16 16 5.6
2.507 40 40 5.7
-5.967 21.6 21.6 5.4
2.198 51.6 51.6 4.6
2.396 35 35 4.7
2.472 22.2 22.2 5.3
2.599 35 35 4.3
0.674 31.1 31.1 5.2
1.933 35 35 4.1
2.074 35 35 4.3
2.477 35 35 4.5
2.455 64.4 64.4 4.6
2.527 50.7 50.7 5
1.608 35 35 4.7
2.186 35 35 4.5
1.633 35 35 4.2
1.566 25 25 5.9
0.357 30.6 30.6 4
1.656 28.8 28.8 4.5
2.239 65.9 65.9 5
2.702 35 35 4.5
2.900 81.3 81.3 4.7
2.303 37.6 37.6 4.7
1.579 35 35 4.4
0.681 35 35 0
1.722 18.1 18.1 5.1
3.136 48.4 48.4 4.3
3.405 35 35 4
3.098 25.2 25.2 5.2
1.666 26.6 26.6 3.9
1.854 75.1 75.1 4.1
1.970 35 35 4.5
2.470 35 35 4.9
2.109 35 35 4.3
1.700 35 35 3.9
2.657 63.1 63.1 4.9
0.835 35 35 3.7
1.353 35 35 3.9
2.565 19 19 4.6
1.259 10 10 4
2.459 53.2 53.2 4.9
2.685 35 35 4.6
1.933 35 35 4.6
2.573 81 81 4.9
3.130 108.9 108.9 4.8
1.689 35 35 4.4
2.732 35 35 4.8
2.536 35 35 4.5
2.173 35 35 4.9
2.594 67 67 5.7
1.050 35 35 0
2.290 35 35 4.6
2.396 79.1 79.1 4.8
1.858 35 35 0
2.346 35 35 4.3
1.575 36 36 4.9
1.951 34.9 34.9 4.4
2.131 35 35 0
2.651 35 35 5.1
2.157 42.9 42.9 0
2.020 35 35 4.2
2.418 35 35 0
3.265 35 35 4.2
2.213 35 35 4.7
2.264 35 35 0
1.799 35 35 4.9
1.648 13 13 4.3
0.789 35 35 4.9
1.831 35 35 4.7
1.193 35 35 4.4
2.221 35 35 4.6
2.185 35 35 4.7
2.287 35 35 4.4
2.548 35 35 0
1.552 35 35 4.4
2.080 30 30 4
1.911 15 15 4
2.336 30 30 3.8
-1.663 10 10 4.3
2.374 10 10 4.8
2.169 79.7 79.7 4.3
4.351 113 113 0
1.130 30 30 3.9
2.525 30 30 4.6
1.923 30 30 4.4
0.353 30 30 4.2
1.786 30 30 4.2
1.891 30 30 0
2.528 24.7 24.7 4.9
2.752 75.6 75.6 5.2
2.752 71.9 71.9 5
1.842 42.1 42.1 4.9
2.676 35 35 4.6
2.794 54.8 54.8 5.4
1.786 39 39 4.5
-0.029 30 30 0
0.849 30 30 4.4
-0.129 30 30 4.4
0.923 17.5 17.5 5.9
0.761 30 30 4.3
1.848 36.7 36.7 4.6
1.144 30 30 0
0.815 30 30 4.6
0.963 30 30 5.3
0.912 30 30 5.2
1.782 30 30 4.2
2.285 30 30 4.4
2.079 22.9 22.9 4.3
2.480 30 30 4.9
2.162 30 30 4.2
2.049 35 35 4.4
0.825 30 30 0
1.652 30 30 4.3
2.332 30 30 4.1
2.502 47.3 47.3 4.6
1.705 30 30 4.5
1.510 26.5 26.5 4.8
1.362 30 30 5.1
1.938 43.2 43.2 5
1.834 35 35 5.1
4.023 353.2 353.2 3.9
1.898 48.5 48.5 4.8
2.410 30 30 4.8
2.654 72.9 72.9 4.9
2.679 53.6 53.6 4.7
2.043 30 30 4.7
2.553 38.8 38.8 5
2.301 30 30 4.4
2.647 48 48 4.7
1.549 30 30 4.2
2.015 36 36 5.9
2.549 35 35 4.7
2.018 45.2 45.2 4.6
1.980 35 35 4.2
1.814 30 30 4.3
4.463 251.8 251.8 4.5
1.370 45 45 4.6
2.461 54.4 54.4 5.3
1.551 30 30 3.8
1.907 30 30 4.3
2.678 44.2 44.2 5
2.322 30 30 0
3.456 30 30 5
2.119 30 30 0
1.744 35 35 4.5
2.031 30 30 4.5
1.682 30 30 4.7
2.447 30 30 4.1
2.748 30 30 4.9
2.785 22.6 22.6 5
2.930 125.1 125.1 4.6
2.899 130.1 130.1 4.5
2.395 30 30 4.5
1.980 30 30 4.3
1.539 30 30 4.3
2.344 28.4 28.4 4.7
0.976 9.1 9.1 4.7
0.899 25.4 25.4 5.1
0.927 28.9 28.9 5
0.576 26.3 26.3 4.7
0.977 29.3 29.3 5.4
2.438 30 30 4.5
2.581 30 30 4.8
2.039 35 35 4.9
1.461 27.6 27.6 4.7
1.782 56.2 56.2 4.4
2.431 10 10 4.1
1.624 32.7 32.7 5.4
2.645 61.9 61.9 5
2.354 10 10 4.3
2.712 91.4 91.4 4.9
2.274 41.5 41.5 4.6
-6.468 10 10 5.7
2.059 50 50 4.1
2.005 58.6 58.6 4.6
2.361 10 10 4.9
2.086 27.9 27.9 4.6
2.856 35 35 4.2
1.703 50 50 4.3
1.553 35 35 4.4
2.156 58.8 58.8 4.7
2.514 30 30 4.5
1.988 44.7 44.7 4.8
2.187 60.8 60.8 4.9
3.033 40.2 40.2 4.4
2.914 10 10 4.6
1.678 45.2 45.2 4.6
2.725 58 58 4.8
1.595 50 50 0
3.070 85 85 4.5
0.662 34.5 34.5 4.9
1.537 27.5 27.5 4.8
1.909 43.7 43.7 4
4.814 400.6 400.6 4.2
1.945 45.5 45.5 4.4
2.152 27.4 27.4 4.7
1.184 45 45 4.5
2.584 42 42 5
2.788 79.2 79.2 4
1.762 10 10 4.4
2.433 76.3 76.3 4.8
1.921 39.1 39.1 4.7
2.724 33 33 4.1
2.596 33 33 4.4
1.740 33 33 5
2.427 96.8 96.8 4.9
0.394 29.3 29.3 4.3
1.938 61.4 61.4 4.8
2.659 78.4 78.4 5.1
1.867 33 33 4.6
2.546 33 33 0
1.889 33 33 4.4
1.996 35.1 35.1 5.8
2.013 33 33 4.9
2.747 85.4 85.4 4.7
2.810 84.8 84.8 5.1
2.656 68.7 68.7 5
3.286 150 150 4.1
1.810 33 33 4.5
2.090 33 33 4.4
1.599 26.9 26.9 5.1
1.500 33 33 4.6
1.567 24.8 24.8 5.3
2.443 33 33 4.6
2.928 33 33 4.6
2.445 33 33 4.9
2.117 100 100 4.7
2.726 98.7 98.7 5
0.191 38.1 38.1 4.7
2.148 33 33 4.4
2.634 33 33 4.7
2.225 63.8 63.8 4.8
2.734 33 33 4.8
2.869 109.5 109.5 4.5
2.662 95.6 95.6 4.7
2.248 33 33 4.7
2.431 33 33 4.6
2.848 75.4 75.4 5.4
2.159 33 33 4.5
2.371 33 33 4.9
2.078 31.4 31.4 4.5
2.204 33 33 5.4
2.023 58.4 58.4 4.8
2.444 63.3 63.3 4.8
2.338 33 33 4.5
3.664 200 200 4.4
1.321 33 33 4.8
2.525 33 33 4.7
2.444 33 33 4.8
2.199 33 33 4.4
2.044 33 33 4.4
2.736 33 33 4.4
2.002 33 33 4.3
1.531 33 33 4.5
1.536 33 33 5.2
2.443 33 33 4.6
2.568 33 33 4.9
2.360 33 33 4.2
2.830 88.2 88.2 4.6
2.046 33 33 4.1
1.629 33.1 33.1 5.3
2.713 33 33 5.1
2.391 33 33 4.4
1.119 33 33 4.1
1.903 51.1 51.1 5.4
2.426 33 33 4.4
1.999 48.6 48.6 4.6
1.494 33 33 4.8
1.997 33 33 5
2.152 33 33 4.5
2.020 33 33 5.6
2.216 33 33 4.5
1.514 33 33 5.1
2.019 33 33 4.6
1.890 82.8 82.8 4.6
1.635 33 33 4.1
1.683 58.5 58.5 5.6
1.723 33 33 5
1.970 33 33 5
1.865 33 33 4.7
1.929 33 33 4.5
2.281 50.1 50.1 4.6
2.297 44.8 44.8 4.7
2.775 33 33 3.9
1.593 33 33 5.1
2.707 150.9 150.9 4.7
2.051 33 33 4.3
2.355 33 33 4.5
2.201 33 33 5
1.631 33 33 4.3
1.938 33 33 3.9
1.766 33 33 4.3
2.536 33 33 4.4
2.085 43.5 43.5 4.6
2.459 46.8 46.8 5
2.706 100 100 5.1
2.581 51.5 51.5 5.2
2.727 99.4 99.4 4.4
2.139 33 33 3.6
2.028 33 33 4.2
1.935 33 33 4.4
2.087 33 33 4.6
2.825 79.9 79.9 4.6
2.713 88.7 88.7 5.1
1.459 33 33 4.4
1.714 33 33 4.8
2.132 64.9 64.9 5.5
1.647 33 33 4.4
2.164 52.6 52.6 4.5
2.226 33 33 4.8
2.303 33 33 4.9
2.224 46.4 46.4 4.6
2.238 50.5 50.5 5.2
1.616 33 33 5.4
1.895 33 33 4.5
2.200 90.5 90.5 4.7
2.078 33 33 5.7
2.112 44.1 44.1 4.7
1.985 33 33 4.9
2.220 45.6 45.6 5.2
2.417 33 33 4.3
1.961 33 33 4.5
1.970 33 33 5
2.392 66.5 66.5 5.2
5.010 46.1 46.1 4.6
2.406 86.1 86.1 5.3
1.977 33 33 5.6
2.537 33 33 4.3
1.956 33 33 4.7
2.254 33 33 5.2
2.078 33 33 4.8
1.688 33 33 5.2
2.289 36 36 7.4
1.693 33 33 4.2
2.290 33 33 4.2
1.845 33 33 3.9
2.219 33 33 4.6
2.377 33 33 4.4
2.546 33 33 4.3
2.226 33 33 5.4
2.150 33 33 4.5
1.787 33 33 4.6
2.208 51.4 51.4 4.6
2.366 50.2 50.2 4.6
2.130 33 33 4.8
3.139 33 33 4.6
2.759 33 33 4.5
1.911 33 33 4.6
1.886 33 33 5.1
1.147 33 33 4.7
1.159 33 33 5.1
2.469 33 33 4.8
1.756 33 33 4.2
2.188 33 33 5
2.080 33 33 4.3
1.750 33 33 6.2
2.029 33 33 4.9
1.761 47.7 47.7 4.7
2.633 33 33 4.5
1.267 33 33 6
2.040 33 33 4.6
2.703 33 33 4.9
2.119 33 33 4.9
1.988 33 33 5.2
2.129 33 33 4.5
2.156 33 33 4.7
2.063 33 33 4.8
2.292 33 33 4.9
1.738 33 33 4.4
2.590 33 33 4.7
2.156 33 33 4.1
2.244 33 33 4.4
2.277 33 33 4.7
1.899 33 33 4.6
0.999 33 33 4.5
1.689 33 33 4.7
2.291 33 33 4.2
1.853 33 33 4.7
2.111 33 33 4.7
1.703 30.3 30.3 4.5
1.968 33 33 4.5
2.187 33 33 4.7
1.768 33 33 4.1
2.322 33 33 4.6
2.301 33 33 4.8
1.854 33 33 4.3
2.218 33 33 4.7
1.802 33 33 4.1
1.955 31.5 31.5 4.6
1.853 47.4 47.4 4.6
2.009 33 33 4.4
1.715 33 33 4.1
2.438 69.1 69.1 5.7
2.357 63.8 63.8 4.9
2.598 33 33 4.2
2.129 33 33 4.7
1.695 33 33 5.3
2.442 33 33 4.1
3.252 33 33 4.5
3.421 104.7 104.7 5.8
1.743 33 33 4.6
1.724 33 33 4.6
1.807 33 33 5.2
1.845 33 33 4.3
1.768 33 33 4.7
1.897 33 33 5
1.711 33 33 4.4
2.568 33 33 4.9
1.913 33 33 3.9
1.903 33 33 4.5
2.719 98.5 98.5 4.8
1.750 33 33 4.5
2.065 33 33 4.1
1.585 33 33 4.9
2.255 33 33 4.2
1.588 33 33 4.9
1.585 33 33 5
0.951 33 33 4.9
0.935 33 33 4.8
1.793 33 33 4.5
2.018 33 33 4.9
1.843 33 33 5.3
1.858 33 33 4.5
1.775 33 33 4.9
2.250 33 33 5.2
1.700 33 33 4.1
2.188 33 33 4.5
1.947 33 33 4.2
2.056 33 33 4.5
1.498 33 33 4.3
1.974 33 33 4.4
1.818 33 33 4.3
1.859 33 33 4.5
1.785 33 33 4.8
2.326 33 33 4.7
2.151 33 33 5.3
2.098 33 33 4.4
2.355 33 33 5.1
1.994 33 33 4.8
2.128 33 33 4.8
1.881 33 33 4.3
1.712 33 33 4.9
1.907 33 33 4.2
1.515 33 33 4.6
1.716 33 33 4.2
1.644 33 33 4.4
1.758 33 33 5.3
1.199 33 33 4.7
0.950 33 33 4.4
0.927 33 33 5.5
2.040 33 33 4.1
1.989 33 33 4.1
1.789 33 33 4.7
2.095 33 33 4.8
1.876 33 33 5.1
2.012 33 33 4.7
1.811 33 33 4.6
1.992 33 33 4.9
1.847 33 33 5
1.652 33 33 4.5
2.469 33 33 4.2
1.394 33 33 4.8
2.475 33 33 4.6
1.956 33 33 5.5
1.936 33 33 4.6
1.936 33 33 4.9
2.256 33 33 5.1
1.750 33 33 4.5
1.936 33 33 4.6
1.980 33 33 4.9
2.423 33 33 4.9
1.549 33 33 4.7
1.996 33 33 4.8
1.793 33 33 4.8
2.135 33 33 5.1
1.940 33 33 3.8
2.413 33 33 4.5
1.252 33 33 4.3
1.880 33 33 4.7
1.814 33 33 5
1.940 33 33 4.9
1.733 33 33 4.2
1.725 33 33 4.9
1.870 33 33 4.7
1.842 33 33 4.6
1.744 33 33 4.6
1.701 33 33 4.8
1.895 33 33 4.8
1.613 33 33 4.7
1.810 33 33 5.1
1.813 33 33 5
1.988 33 33 4.7
1.517 33 33 4.8
1.761 33 33 6.7
1.702 33 33 4.4
1.745 33 33 4.4
2.018 33 33 4.8
1.779 33 33 4.8
1.960 33 33 4.6
2.798 33 33 4.7
1.741 33 33 4.7
1.745 33 33 4.7
1.480 33 33 4.7
2.217 33 33 4.8
2.252 33 33 4.7
1.564 33 33 4.9
1.654 33 33 4.6
1.830 33 33 4.5
1.466 33 33 4.7
2.194 33 33 6.2
1.996 33 33 4.9
2.238 33 33 5.4
1.608 33 33 4.7
1.975 33 33 4.8
2.059 33 33 5.4
2.002 33 33 4.6
2.125 33 33 4.4
2.005 33 33 4.4
2.316 33 33 4.2
1.937 33 33 4.8
2.213 33 33 4.6
2.237 33 33 5.1
1.998 33 33 4.4
2.070 33 33 4.6
2.212 33 33 5
2.179 33 33 5.2
2.086 33 33 4.7
2.035 33 33 5.1
2.252 33 33 5.8
2.108 33 33 4.1
1.567 33 33 4.7
2.160 33 33 5.3
1.806 33 33 4.6
1.473 33 33 4.6
2.035 33 33 5
2.244 33 33 5
2.167 33 33 5.1
1.994 33 33 4.4
1.915 33 33 5.1
1.500 33 33 4.5
2.226 33 33 4.6
1.505 33 33 4.5
1.923 33 33 4.6
2.026 33 33 4.9
1.450 33 33 4.6
2.307 33 33 5.1
2.066 33 33 4.6
1.837 33 33 5.3
1.758 33 33 4.9
1.479 33 33 4.6
1.822 33 33 5.4
2.042 33 33 4.1
1.899 33 33 4.6
1.978 33 33 4.9
1.892 33 33 5
1.756 33 33 4.5
1.802 33 33 4.9
2.010 33 33 4.7
1.965 33 33 4.9
1.844 33 33 4.9
1.746 33 33 5
1.915 33 33 5.1
2.059 33 33 5.1
2.006 33 33 4.9
1.846 33 33 4.3
1.614 33 33 4.4
2.183 33 33 4.7
1.687 33 33 4.9
1.643 33 33 4.8
1.746 33 33 5
1.912 33 33 6.7
1.861 33 33 7.9
2.110 83.4 83.4 5
2.795 33 33 4.6
2.877 103.2 103.2 4.4
2.529 33 33 4.5
2.486 33 33 4.3
2.782 33 33 4.9
3.067 96.5 96.5 4.7
1.762 33 33 4.7
1.624 33 33 4.8
2.790 73.6 73.6 4.6
2.428 71.6 71.6 4.8
2.704 68.1 68.1 5.4
1.888 33 33 4.6
3.275 33 33 5.4
1.926 33 33 4.7
2.435 33 33 4.3
3.333 152.8 152.8 4.3
1.601 27.2 27.2 5.1
2.682 94.6 94.6 4.9
2.672 74.7 74.7 4.5
1.896 67.7 67.7 4.7
2.404 65.2 65.2 5.3
2.552 33 33 4.4
2.262 33 33 4.5
2.827 93.3 93.3 4.8
1.797 46 46 4.6
1.853 33 33 4.8
2.823 69.5 69.5 4.2
1.694 33 33 5.2
1.733 33 33 5.4
2.799 79.8 79.8 5.1
2.738 87 87 4.8
3.684 33 33 4.3
0.424 33 33 4.3
-1.731 33 33 5.7
2.620 102.9 102.9 4.8
2.652 33 33 5.2
2.251 33 33 4
1.392 33 33 4.6
2.438 34.1 34.1 5.2
2.717 50.4 50.4 5.7
2.191 33 33 4.9
1.906 33 33 4.8
1.590 33 33 4.7
1.655 33 33 3.5
2.189 33 33 4.3
2.376 54.1 54.1 4.3
2.343 33 33 4.9
1.729 33 33 5
2.345 66.2 66.2 4.5
2.097 38.2 38.2 4.7
2.403 53.8 53.8 4.6
2.651 97.3 97.3 5.2
2.663 100 100 3.7
2.555 33 33 4.9
1.839 33 33 4.6
2.826 33 33 4.3
2.684 33 33 4.9
2.217 57.3 57.3 4.6
1.678 33 33 4.6
1.988 33 33 4.7
1.806 100 100 4.5
3.804 150 150 3.6
2.820 87.1 87.1 4.4
2.803 63.4 63.4 5.5
3.307 150 150 4.4
2.226 33 33 4.7
2.665 33 33 4.7
1.786 33 33 4.8
2.722 108.5 108.5 5.1
2.376 33 33 4.3
2.146 33 33 4
1.824 33 33 5.5
2.761 95.5 95.5 4.4
2.828 116.7 116.7 4.6
3.122 33 33 4.5
10.802 33 33 4.1
3.688 140.5 140.5 4.3
2.690 83.2 83.2 4.8
1.609 57.7 57.7 4.6
-1.937 33 33 5.7
3.605 181.1 181.1 4.4
2.491 56.4 56.4 4.6
2.811 112.7 112.7 4.5
1.998 47.7 47.7 4.6
1.741 73.3 73.3 4.9
1.932 33 33 4.3
2.915 63.1 63.1 4.8
2.130 82.1 82.1 5.1
2.884 106.1 106.1 4.5
2.217 33 33 4.6
2.450 33 33 4.6
2.176 60.7 60.7 5.4
2.826 33 33 5.4
1.201 33 33 4.6
1.007 33 33 5
1.964 46.3 46.3 5.5
2.765 93.1 93.1 5.1
2.718 33 33 4.4
2.773 82.6 82.6 5.4
2.872 100.2 100.2 4.9
2.767 61.5 61.5 5.3
2.797 96.6 96.6 4.8
2.579 83.7 83.7 5
1.319 33 33 4.6
3.650 33 33 4.7
2.721 79.5 79.5 4.9
2.473 71 71 5.7
2.633 92.9 92.9 5.4
3.594 160.4 160.4 4.5
2.377 70.1 70.1 5.4
-2.009 33 33 4.8
1.695 59.9 59.9 4.9
1.656 29.8 29.8 5.7
2.516 84.2 84.2 5.2
2.805 33 33 4.8
2.687 57.1 57.1 5.3
2.986 158.2 158.2 4.5
2.006 109.3 109.3 5.2
2.210 62.5 62.5 5.2
2.514 101 101 5.2
1.733 33 33 4.8
2.708 79.6 79.6 5.6
2.575 83.9 83.9 4.3
2.823 33 33 5.1
4.165 180.7 180.7 4.7
1.593 33 33 5.2
2.606 107.6 107.6 5.1
2.635 104.5 104.5 5.2
2.695 137 137 5.3
2.397 52.2 52.2 5.2
1.449 33 33 4.6
2.786 116.9 116.9 4.7
2.815 115.7 115.7 4.6
2.383 79.6 79.6 5
1.980 80 80 4.3
2.870 68.8 68.8 4.6
2.807 87.8 87.8 5.1
2.484 77.7 77.7 5.2
2.934 33 33 4.4
1.813 38.9 38.9 4.9
1.967 34.1 34.1 5
2.308 62.5 62.5 5
4.235 296.6 296.6 4.6
2.206 122.3 122.3 4.1
2.007 33 33 4.8
-9.009 14.8 14.8 6
2.760 65 65 5.4
2.650 62.7 62.7 5.3
2.195 46.2 46.2 5.4
2.087 33 33 4.7
2.261 84.8 84.8 4.6
3.615 72.2 72.2 4.9
1.917 42.4 42.4 5.4
2.530 77.2 77.2 4.8
2.186 33 33 4.4
4.371 341 341 4.7
2.701 33 33 4.9
2.666 75.1 75.1 4.9
2.490 91.8 91.8 4.8
2.283 95 95 4.6
1.927 33 33 4.9
1.746 33 33 4.7
1.672 33 33 5
2.638 92.2 92.2 5
1.661 71.3 71.3 5.3
2.029 33 33 4.7
2.841 81 81 5.3
1.979 33 33 4.8
2.444 60 60 4.9
2.683 86.7 86.7 5
0.887 33 33 3.7
2.212 33 33 4.5
2.583 68.5 68.5 5
1.414 33 33 4.8
1.600 43.3 43.3 5.1
2.450 72.3 72.3 5
2.041 33 33 4.8
2.501 94 94 4.9
1.806 42.8 42.8 5.8
2.168 45.1 45.1 5.1
2.548 82.5 82.5 4.8
2.868 68.2 68.2 5.2
2.305 37.8 37.8 5.1
2.665 89.3 89.3 5.1
1.728 33 33 4.1
2.332 71.8 71.8 5
1.684 33 33 4.9
2.197 55.5 55.5 5
1.785 53 53 4.7
1.631 33 33 5.3
2.273 137.2 137.2 4.7
2.755 73 73 5.3
3.459 33 33 5
1.477 33 33 4.6
1.715 33 33 4.6
2.737 93.2 93.2 5
1.045 33 33 4.5
1.047 33 33 5.2
2.602 81.4 81.4 5.3
2.534 76.6 76.6 5.2
1.782 33 33 4.9
2.702 70.2 70.2 5.4
2.114 33 33 4.4
0.248 33 33 4.8
1.501 28.1 28.1 5.2
1.497 28 28 5.1
1.544 33 33 4.9
4.119 334.5 334.5 4.4
3.018 130.7 130.7 4.6
2.630 80.7 80.7 5.3
2.380 69.6 69.6 5
2.594 104.9 104.9 5.1
1.789 33 33 4.6
1.925 33 33 5.4
2.514 90 90 5
2.194 69.4 69.4 5.4
1.867 33 33 5.2
3.142 112.2 112.2 5.1
2.801 88.6 88.6 5.1
1.680 33 33 4.7
2.053 33 33 4.9
2.704 63 63 5.6
2.774 62.7 62.7 4.9
0.011 33 33 5.1
-0.096 23.4 23.4 5.5
3.026 79.4 79.4 4.7
1.736 33 33 4.6
0.592 33 33 4.1
0.809 33 33 4.5
2.964 121.3 121.3 5
2.710 59 59 5.5
-0.119 33 33 5.4
2.667 90.9 90.9 4.7
2.118 60.7 60.7 5
2.299 72.8 72.8 5
2.699 56 56 5.9
2.880 83.2 83.2 5.2
2.626 77 77 4.7
1.910 33 33 5.3
2.772 72.5 72.5 5.5
1.777 30 30 5.2
1.460 64.5 64.5 3.8
2.515 61.6 61.6 4.8
1.753 33 33 5
2.416 77.9 77.9 4.5
3.312 170.6 170.6 4.4
2.498 57.5 57.5 5.2
2.188 33 33 4.6
2.851 51.9 51.9 5.3
1.686 33 33 4.4
1.987 59.4 59.4 5
2.247 62.2 62.2 4.8
1.220 33 33 4.6
2.015 33 33 5.2
2.044 48 48 4.9
0.707 33 33 5.1
0.690 33 33 4.9
2.731 74 74 5.1
3.342 33 33 4.4
1.930 28 28 5.5
1.580 33 33 5
1.541 33 33 5.1
1.147 33 33 4.5
2.052 47 47 5.4
1.031 33 33 4.2
1.863 84 84 4.3
1.991 33 33 4.8
1.409 52 52 4.7
1.945 47 47 6.3
1.517 33 33 4.4
2.617 100 100 4.9
1.542 33 33 4.4
-0.258 33 33 5.4
2.436 33 33 5.3
2.482 59 59 5.5
2.581 84 84 5.1
2.845 103 103 4.6
2.495 48 48 5.9
1.806 33 33 5.1
1.841 33 33 5.6
1.945 33 33 5.8
1.917 33 33 6.4
2.081 72 72 4.7
2.848 112 112 4.2
2.627 53 53 5.5
2.268 33 33 4.6
2.796 83 83 5.4
4.430 294 294 5
2.750 94 94 5.3
2.072 33 33 5.1
2.343 105 105 5.1
1.994 33 33 5.9
2.638 33 33 5.4
2.759 108 108 5.4
3.663 162 162 5.2
3.270 205 205 5
1.978 113 113 4.4
2.049 47 47 5.5
2.097 72 72 4.8
1.907 37 37 5.7
2.574 118 118 4.5
2.777 33 33 5.3
2.697 97 97 5.2
2.989 87 87 5.5
1.674 53 53 4.7
1.582 48 48 4.8
1.940 33 33 4.2
1.629 33 33 5.8
2.647 67 67 5
2.874 33 33 5.3
2.297 58 58 5.8
2.250 132 132 4.7
1.864 67 67 4.5
1.854 40 40 5.1
2.168 33 33 5
1.670 33 33 5.6
1.941 33 33 5.5
2.910 33 33 5.5
1.792 33 33 5.8
1.811 33 33 6
1.873 33 33 7
1.847 33 33 6
2.183 98 98 4.3
1.862 70 70 5
2.535 100 100 5.1
1.894 34 34 5.5
2.686 33 33 5
2.803 107 107 5.4
2.795 21 21 6
4.397 126 126 4.9
2.674 58 58 5.4
2.753 129 129 4.9
1.853 33 33 5
3.049 136 136 5.2
2.432 89 89 5.1
2.088 33 33 5.3
2.650 82 82 5.4
2.861 100 100 5.2
2.793 98 98 4.9
2.828 89 89 5.2
2.917 107 107 5.4
2.336 90 90 5.6
2.232 75 75 7
2.670 60 60 5.8
2.362 43.8 43.8 5.9
0.739 15 15 6.4
2.580 65 65 6.1
1.143 25 25 6.5
1.946 35 35 6.5
2.782 15 15 6.6
1.403 35 35 6.3
