119.931 0.729 24 7.9
119.838 0.523 33 5.6
120.037 0.749 33 5.1
120.171 1.033 33 5
119.912 0.692 33 5.5
119.896 0.633 33 5.5
120.202 0.988 33 5.3
119.58 0.46 37.7 5.6
91.523 30.905 33 5.1
120.154 1.005 33 5.2
120.726 19.765 32.1 5.1
100.276 27.291 11.1 6.6
100.138 27.125 10 5
100.216 27.102 10 5.1
100.299 27.041 10 5.6
100.284 27.191 10 5.5
120.115 0.986 33 5.7
100.456 27.233 10 5.2
120.187 1.019 13.8 6.1
122.431 3.722 607.2 5.7
122.35 3.665 600 5.1
118.67 -11.044 8 6.1
120.754 13.906 242.4 5.6
104.739 29.096 33 5.1
92.698 10.475 27.9 5.2
122.215 24.092 29.5 6.3
122.241 24.033 33 5.9
122.221 23.998 33 5.1
113.071 -9.393 81.1 5.2
122.143 24.338 38.9 5
122.195 24.141 33 5.8
120.068 -9.842 57.2 5
120.407 1.112 32.6 5.5
120.295 1.062 33 5
103.2 -5.114 53.8 5
94.513 6.973 33 5.8
94.477 7.134 33 5.4
121.128 17.203 33 5.2
87.821 27.825 33 5
120.6 16.13 33 5.5
112.328 -6.037 612.5 5.4
122.564 1.37 32.1 5.7
101.934 -4.537 33 5.5
92.201 28.325 83.2 5.2
122.589 -7.137 587.3 7.9
122.691 -7.445 600 5.2
122.344 -7.129 570.5 5.3
94.22 8.275 27.1 5.2
100.241 26.966 33 5
88.189 30.147 33 5.7
88.187 29.923 33 5
122.395 -7.148 600 5.4
94.853 21.509 101.5 5.1
102.819 -4.267 108.5 5.1
120.254 1.016 33 6.6
120.671 13.856 110.1 5.9
114.675 -8.655 33 5.1
120.366 1.031 33 5.1
120.45 1 33 7
120.459 1.036 33 5.6
95.245 5.756 33 5
96.253 25.169 33 5.4
94.804 21.307 110.2 5.2
120.559 1.17 33 5.4
120.112 1.045 33 5
120.196 1.006 33 6
120.094 0.985 33 5
122.282 24.602 74.3 5.5
119.954 14.509 33 6.1
88.178 30.174 33 5.5
88.143 30.111 33 5.1
99.675 -2.017 33 5.8
120.861 13.647 129.6 5.4
122.598 24.041 45.7 5.7
99.622 -1.956 33 5.7
120.891 1.253 33 5.1
120.061 0.995 33 5.3
120.047 1.01 33 5
120.053 0.987 34 5.1
99.46 0.862 110.1 5
93.583 -8.031 10 5.4
122.355 -7.896 250 5.1
120.436 0.399 33 5.1
120.453 0.36 33 5.7
121.017 13 33 5
121.498 21.898 20 6.8
121.421 21.608 20 5.2
121.319 21.608 20 5
121.386 21.718 20 5.4
121.397 21.638 20 5.1
121.44 21.586 20 5.4
121.404 21.784 20 5.1
121.469 21.813 20 5
120.098 1.028 33 5.8
120.208 1.119 33 5.2
96.073 2.783 33 5.3
102.219 -1.244 261.8 5
120.466 1.124 44.3 5.1
95.166 5.847 33 5.2
100.373 27.222 33 5.5
120.878 13.769 100 5
99.186 28.853 33 5
88.552 27.433 33 5
108.725 -9.295 33 5.6
120.406 1.023 33 5.6
118.002 -9.785 53.8 5.4
121.283 21.811 33 5
120.066 14.496 61.3 5
97.943 3.445 33 6.3
96.216 3.01 33 5.2
122.465 0.268 177.3 5
122.606 1.336 37.1 5
117.301 -7.558 301.8 5.8
122.688 1.274 33 5
106.981 -7.761 33 5.4
121.709 10.254 33 5.4
95.013 19.33 80 6
92.641 24.498 49.7 5.4
120.527 16.348 33 5.9
96.021 28.853 33 5
121.795 24.12 47 5.2
108.268 -9.789 33 5.1
120.515 16.255 33 5.2
107.489 -7.936 50.9 6.1
120.157 1.488 61.8 5.3
103.195 -4.736 63.4 5.5
112.959 -6.03 606.2 5.1
104.104 -6.23 69.3 5.5
105.574 -6.2 55.3 5.1
121.541 -8.199 193 5
99.637 30.704 10 5.4
86.638 27.435 33 5
92.742 10.568 33 5.1
122.612 -7.116 578.5 5.3
122.457 24.677 33 5.2
105.584 -5.885 33 5
93.695 8.858 33 5.3
121.461 21.876 30.4 5.3
122.668 24.179 55.6 5
108.403 -5.028 651.2 5.5
121.419 19.981 33 5.9
101.322 22.504 10 5
85.127 27.946 22.2 5.2
97.951 1.657 33 5.2
95.819 35.687 10 5.5
119.51 -9.641 33 5.9
121.563 10.263 33 5.2
121.625 10.242 33 5
117.413 -7.782 274.4 5.6
122.236 0.46 164 5
120.238 19.495 33 5.4
117.635 -7.842 33 5.1
120.991 13.445 33 5.4
105.514 -6.614 33 6.4
120.205 17.821 33 5.1
84.612 32.932 33 5.4
120.953 18.315 70.6 5.8
121.582 23.718 69 5.1
94.459 22.574 96.6 5.3
102.144 -3.37 107.5 5.9
96.141 4.606 33 5
121.473 22.393 33 5
119.889 14.906 33 5.5
93.357 12.249 71.8 5
92.25 24.894 34.9 6
101.547 -3.15 33 5.6
110.676 -5.909 600 5
121.657 10.184 33 5.9
89.833 34.257 33 5
96.993 30.285 33 5.2
120.171 -7.968 201.4 5.3
99.737 -1.871 33 5.4
121.336 18.915 33.9 6.1
120.159 -2.193 33 5.4
97.329 2.882 57.4 5.6
122.42 -8.732 50 5.4
121.502 21.939 33 5.2
102.151 -4.094 33 5.1
121.196 19.08 33 5.4
120.928 22.972 33 5.1
97.599 1.071 24.7 5.5
97.595 1.07 28.5 5.9
113.716 -10.747 33 5.3
118.001 -11.256 33 5.4
110.796 -5.697 574.4 6
94.884 21.818 138 5.4
110.527 -9.045 33 5.3
122.448 24.711 102.5 5.6
91.793 26.811 46.9 5
122.552 15.027 33 5.1
120.369 -7.309 586.5 5.2
103.85 -6.039 52.8 5.1
93.159 23.887 33 5.3
96.978 30.291 33 5.2
121.847 -0.719 33 5.5
120.549 -8.472 73.7 5.4
96.494 4.358 33 6
120.402 21.588 33 5.4
120.4 21.628 33 5.3
120.406 21.552 33 5.2
99.909 -1.972 33 5.5
94.603 6.454 114.2 5
120.726 13.765 104.3 5
86.849 -0.477 33 5.2
102.843 -4.445 97.3 5.2
121.225 19.274 33 5.6
119.727 -3.776 33 5.9
122.451 25.028 143 5.5
117.017 -8.666 160 5.7
100.392 26.998 33 5.1
104.013 -6.38 45.2 5.6
89.698 29.552 33 5.3
85.383 29.078 33 5.5
87.325 35.069 33 7.5
88.281 33.678 33 5.3
121.487 21.597 85.1 5
121.861 24.156 33 5.2
103.189 -4.956 58.3 5.3
94.204 6.878 69.5 5.1
92.702 22.212 54.4 6.1
102.523 -5.405 33 5.1
122.536 1.241 24 7
101.827 -4.544 33 5
87.347 27.618 33 5.1
87.175 27.475 33 5
101.011 -6.198 33 5.1
94.279 7.577 33 5
99.618 -1.954 33 5.7
94.218 7.466 19 5
94.119 7.371 16.5 5
104.085 -6.327 71.4 5
119.921 14.901 33 5.6
96.609 25.384 33 5.8
93.618 9.354 121.8 5.4
86.526 35.011 17.9 5.1
121.166 22.703 33 5.2
105.519 -6.007 33 5
93.126 1.637 32 5.5
122.142 20.585 157.5 5.8
121.415 -8.301 203.1 5.3
119.119 -9.909 26.6 5.1
99.261 -0.544 55.7 7
119.845 -8.149 200 5.1
113.097 -6.082 590.7 5.7
95.311 24.932 121.5 5.5
120.938 18.716 33 5.8
121.029 19.198 33 5
121 20.087 33 5.2
93.957 10.151 33 5.2
119.584 0.207 33 6.7
104.785 -6.537 33 5.2
104.906 -6.513 52.9 5.6
99.477 -2.231 33 5.5
99.633 -2.191 33 5.5
120.296 -7.223 585 5.1
121.234 19.044 33 5.4
121.356 19.893 33 5.3
91.027 27.325 33 5.2
104.058 -6.308 54.9 5.3
120.736 23.407 12.6 5.7
103.065 -4.687 50.4 5.7
88.173 30.134 33.2 5.8
88.192 30.375 15.7 5.1
120.411 1.39 49.8 5.1
122.019 21.254 33 6.1
120.401 -7.202 600 5.1
122.246 0.225 186.3 5.2
94.355 7.347 33 5.4
94.305 7.324 33 6
105.406 -5.929 33 5
107.199 -7.58 76.6 5.4
90.977 27.555 22.3 5.2
119.4 15.577 33 5.4
120.046 14.697 70.1 6.1
102.597 -4.449 34.1 5.2
88.109 30.079 33 5.9
99.56 -1.684 33 5.1
88.15 30.191 33 5
88.077 30.044 33 5
120.196 14.944 67.7 5.4
121.931 2.704 611.9 5.2
86.941 27.85 33 5.6
117.394 14.195 33 5.3
106.951 -7.77 67.4 5.5
122.467 0.262 147.4 6
92.812 27.77 33 5
112.413 -8.194 151.6 6.6
88.117 29.948 33 5.2
101.016 27.268 48.4 5.4
88.298 30.203 33 5.2
103.104 -4.877 33 5.2
121.751 22.11 36.5 5.1
119.859 -0.384 33 5.9
119.84 -0.403 33 6
94.281 7.557 33 5.4
94.683 23.743 101.2 5.4
121.41 19.84 38.1 5.4
106.872 -6.382 147.9 5.2
103.783 -6.324 40.5 5.1
98.798 -6.221 33 5.7
121.256 19.032 33 5.3
92.461 11.061 33 5
92.514 11.052 33 5.2
121.421 -9.135 33 6.4
93.95 8.698 33 5.1
120.959 22.675 33 5.3
101.029 27.308 33 5.6
120.251 12.966 33 5.3
87.894 27.753 73.1 5.1
105.401 -6.175 33 5
93.499 26.345 33 5
120.903 20.09 10 5.4
102.957 -5.157 49.1 5.2
121.45 -8.344 33 5.8
104.26 -5.899 33 5.1
107.863 -7.609 85.7 5
103.034 -4.476 79.8 5.1
118.549 -8.316 182.5 5.4
101.965 -4.765 33 5.4
101.938 -4.796 33 5.2
107.126 -7.535 58.5 5.3
118.816 1.456 33 5.3
108.724 -8.239 96 5.3
104.721 -6.474 33 5.2
103.862 -5.972 33 5.3
104.222 -6.19 33 5.8
110.507 -8.965 100.5 5.3
95.283 4.033 55.5 5.9
121.265 19.2 33 6
120.479 -8.575 123.7 5.2
95.848 4.931 33 5.5
101.976 -2.765 33 5.1
117.826 -8.115 33 5.4
93.722 23.307 65 5
122.646 24.115 42.7 5.9
112.665 -8.972 33 5
119.541 0.2 33 6.2
96.039 3.367 33 5.4
119.484 0.232 33 5.5
121.937 5.397 33 7.1
122.168 5.255 33 5.9
121.906 5.366 32.5 5.2
107.558 -5.812 325.3 5.2
122.072 5.521 33 5.1
120.135 1.006 33 5.2
117.089 -7.028 621.4 5.5
112.79 -9.682 33 5.6
87.284 -3.996 10 5.8
119.662 0.704 33 5.1
122.362 0.238 143.9 5.4
93.678 24.908 66.4 5.6
94.987 11.781 33 5.3
98.035 1.935 63.5 5
119.678 -8.259 189.9 5.1
121.984 5.481 33 5
102.369 -4.135 65.2 5.3
102.936 -5.297 33 5.1
121.892 24.712 10 5
120.764 13.64 128.5 5
121.441 -0.418 34.7 5.5
102.195 -5.406 27.2 5.1
109.149 -9.915 33 5
90.144 3.689 33 5.6
106.461 -6.319 135.7 5.2
119.963 15.287 33 5.2
93.771 32.892 33 5.4
122.355 24.451 75.7 5.4
106.143 -6.582 109.3 5.2
121.632 23.662 33 5
102.086 -6.015 33 5.2
94.454 4.8 33 5
107.088 -7.094 33 5.2
120.159 -9.03 33 5.5
97.211 4.567 175 5.6
91.895 21.544 10 5.2
86.733 28.442 40.2 5.2
104.124 -6.235 61.3 5
105.413 -6.012 33 5.1
122.456 -1.716 33 6.2
122.492 -1.776 33 5.6
104.711 -5.885 101.4 6.4
96.228 18.389 18.4 5.2
121.152 19.119 33 5.7
93.826 8.355 33 5.2
116.229 -9.923 77.8 5.1
106.608 -8.952 33 5.3
121.802 22.25 10 5.4
103.321 -4.028 33 5.4
120.982 23.772 33 7.7
120.966 23.602 25 6.3
121.202 23.785 33 6.1
121.299 23.57 33 6.3
121.189 23.746 33 6.1
121.246 23.756 33 6.2
120.768 23.408 33 5
120.901 23.976 33 5
121.485 23.8 33 5.1
120.964 23.39 33 6.4
120.95 23.584 33 5.3
121.352 23.695 33 5.1
121.32 23.81 13.7 5.2
121.153 24.058 33 5.2
121.425 23.795 33 5.1
121.167 23.729 26 6.4
121.136 23.642 33 5.8
121.114 23.596 33 5.3
121.265 23.813 33 5.3
121.38 23.98 16.1 5
121.206 23.56 33 5.1
121.158 23.738 17 6.5
101.436 34.617 33 5
121.52 23.662 33 5.3
103.083 -4.742 68.1 5.4
121.028 23.615 33 5.2
122.434 24.069 44.7 5.2
91.926 26.26 33 5.2
121.364 23.87 33 5.3
121.281 23.564 33 5.4
122.617 23.822 50 5.2
120.506 23.445 33 5.9
120.508 23.433 33 5.6
120.864 0.582 33 5.3
121.557 24.009 33 5.4
121.52 23.378 33 6.3
122.065 19.446 33 5.1
114.305 -11.294 33 5.1
121.891 21.154 134.9 5
92.265 13.111 33 5
100.322 1.276 211 6.2
108.043 -7.709 80.4 5
122.601 24.013 33 5
88.976 -1.339 10 7
94.432 5.937 62.8 5
121.487 -0.944 33 5.7
88.9 -1.296 10 5.4
89.218 -1.38 10 5.4
89.043 -1.275 10 6.4
89.099 -1.343 10 5.3
101.533 -2.889 67.1 5
95.136 12.593 33 5
103.352 -4.986 33 5
119.74 15.766 33 7.3
119.8 16.034 33 5.1
119.847 15.733 33 5
94.311 7.142 33 5.2
105.555 -6.845 56 6.5
119.141 16.531 33 5.1
119.016 16.568 33 5.1
120.189 17.709 46.6 5.4
99.634 -0.446 79.7 5.3
92.498 27.559 33 5
92.7 32.222 33 5.5
109.592 -9.195 33 5.8
98.041 2.01 33 5.1
116.071 -8.293 33 5.4
119.484 16.095 33 6.2
105.646 -6.746 61.7 5.6
116.998 -11.398 33 5.3
101.164 25.591 33 5.5
101.063 25.607 33 5.9
111.76 -9.578 34.5 5
113.965 -9.27 58.5 5.1
101.289 19.825 33 5.4
98.877 -1.227 33 5
120.613 -7.967 46.8 5.8
120.646 -7.973 46.3 5.6
92.631 27.663 33 5.2
95.502 30.973 33 5.2
122.678 -7.485 574.9 5.5
89.083 -1.347 10 5.5
118.764 -9.691 83.4 5.6
111.137 -8.633 60.7 5.4
121.546 13.572 33 5.5
90.847 33.997 33 5.1
112.445 -8.701 107.9 5.3
120.926 23.351 33 5.3
120.836 1.263 33 5.3
102.033 -6.73 33 5.1
121.97 10.645 33 5.2
94.196 23.07 74 5.1
120.981 13.343 76 5
106.379 -8.701 33 5.5
96.007 4.738 33 5.5
104.22 -6.095 33 5
118.963 -8.156 33 5
122.051 0.267 187 5.5
110.701 -8.652 82.8 5
97.221 2.489 33 5
120.51 -11.375 33 5
120.151 1.091 33 5.6
95.48 32.962 33 5.2
122.551 -2.54 31.3 5.6
121.906 -2.656 33 5.2
97.996 -0.846 33 5.7
98.068 -0.909 33 5
119.581 -8.306 182.3 5.1
121.058 24.223 10 5.4
121.102 24.196 10 5.1
120.997 24.189 19 5.2
120.533 13.814 91.8 5.1
102.137 -4.319 83.4 5
102.087 -4.721 33 7.9
102.102 -4.646 33 6.7
102.96 -5.634 33 5.1
102.693 -5.291 33 5.1
102.099 -4.963 33 5
102.58 -5.157 33 5.1
102.033 -4.526 33 5.1
101.873 -4.588 33 5
102.184 -4.821 33 5
102.09 -4.801 33 5.4
102.208 -4.968 33 5.3
102.7 -4.875 33 5.1
102.308 -4.983 33 5.1
102.338 -4.544 33 5.1
102.886 -5.605 33 5.8
102.421 -4.532 33 5
102.136 -4.463 33 5
102.248 -4.407 33 5.3
102.656 -4.909 33 5.8
102.135 -4.463 33 5.1
102.232 -4.343 33 5.2
102.318 -4.423 33 5
102.329 -4.392 33 5.1
106.664 -7.359 33 5.1
102.011 -4.141 33 5.5
102.129 -4.405 33 5.4
102.695 -5.001 33 5.4
102.699 -5.093 33 6.2
97.238 26.856 33 6.3
101.905 -4.612 33 6.7
101.902 -4.505 33 5
101.985 -4.649 33 5.1
101.884 -4.473 33 5
97.018 26.587 33 5.1
102.187 -4.354 33 5.1
102.827 -5.519 33 5.3
102.754 -5.33 33 5.5
102.762 -5.365 33 5.5
102.723 -5.013 33 5.1
102.679 -5.549 33 6
102.667 -5.597 33 5
102.052 -4.478 33 5.5
102.22 -4.969 33 5
102.229 -4.928 33 5.1
121.225 23.843 33 6.4
101.491 -5.543 33 5.5
102.152 -5.029 33 5.3
120.2 17.315 63 5.7
102.726 -4.825 33 5.1
102.604 -5.019 33 5.3
118.36 1.115 33 5.4
102.683 -4.958 33 5.2
120.408 16.967 33 5.7
102.696 -5.215 33 5
120.532 14.011 115 5.6
121.287 23.868 50 5.3
102.844 -5.65 33 5.2
102.179 -4.908 33 5.3
101.839 -4.843 33 5
101.972 -4.458 33 5
94.686 24.51 82.5 5.2
122.163 20.24 33 5.6
101.968 -4.627 33 5.2
102.7 -5.408 33 5.9
92.202 32.795 33 5.4
103.758 -4.473 104.7 5.8
106.845 -6.675 33 5.4
121.542 23.984 10 5.4
122.043 20.253 33 6.4
102.177 -5.193 33 5.3
119.796 15.299 68.3 5.1
120.782 17.905 33 5.7
96.213 4.248 33 5.2
105.804 -5.551 140.1 5.5
102.37 -4.07 69.1 5.7
102.886 -5.561 33 5.7
122.478 24.771 127.7 5
120.915 23.359 33 5.7
105.424 -6.757 33 5.3
122.351 15.056 59.5 5.4
93.268 4.079 33 5.3
121.286 0.482 101.3 5.6
94.753 5.772 68.3 5.7
121.472 23.621 33 5.3
102.687 -6.026 33 5.8
102.706 -5.202 33 5.3
96.438 3.113 33 5
119.119 15.615 43.5 5.1
96.591 1.438 33 6
94.924 4.17 33 5
112.137 -8.474 136.9 5.1
102.063 -4.433 33 5.2
122.094 7.183 32.9 5.5
95.456 6.422 229.3 5.7
120.174 13.69 65.6 5.5
121.526 24.008 34.8 5.8
99.343 35.389 10 6.1
99.381 35.362 10 5
99.303 35.331 10 5.1
101.823 -5.435 33 6
95.118 34.144 33 5
122.073 0.253 211.2 5.5
122.468 24.031 33 5.3
99.547 35.418 33 5.1
110.622 -5.711 560.9 5.4
102.104 -4.964 33 6.2
102.333 -4.494 33 5
121.522 -8.751 175.4 5
122.381 12.073 33 5.6
97.81 24.38 33 5.4
120.628 13.762 125.1 5.1
119.378 -9.974 33 5.9
101.53 -4.245 33 5.1
92.952 10.002 33 5.9
94.863 23.866 116.5 5.6
92.86 9.98 51.3 5.3
101.725 -5.482 33 5.1
102.451 -5.278 33 5.1
120.729 13.679 151.8 5.9
105.63 -6.549 38 6.8
107.823 -7.464 33 5.3
121.71 0.873 33 5.1
92.231 32.673 33 5.1
119.075 -9.708 33 6
92.237 32.742 33 5.2
95.282 12.688 33 5
102.68 -6.076 33 5.8
92.978 9.938 33 5.6
103.015 -5.627 33 5.1
92.908 21.692 33 5.5
119.787 17.342 54.5 5.5
105.245 -6.525 29.4 5.3
100.584 -1.714 47.4 5
90.55 35.868 33 5.4
120.657 13.775 117.5 5.5
99.074 1.436 94.8 5.2
121.554 -0.847 33 5.5
121.187 19.083 33 5.5
122.485 24.15 48 5.4
122.059 20.968 170.4 5
117.94 -8.138 33 5.2
102.599 -4.864 33 5.4
119.917 -0.46 33 5.4
121.238 18.879 33 5.3
108.374 -8.403 33 5.3
108.893 -8.703 33 5.4
121.051 23.99 33 5.1
120.908 17.333 33 5.5
112.635 -8.469 74.1 5.2
101.746 -3.957 33 6
101.776 -4.022 28 6.9
101.614 -4.197 33 5.4
101.452 -4.308 33 5.1
101.633 -4.347 33 5.2
101.648 -4.308 33 5.6
101.604 -4.194 57.7 5.7
101.746 -4.046 55.4 5.4
112.584 -8.776 112.3 5.2
99.245 -0.198 77.8 5.6
103.767 -5.911 64.9 5.3
103.304 -5.893 33 5.4
103.277 -5.888 33 5.2
103.768 -5.921 33 5
119.286 -8.876 158.7 5
121.423 0.861 33 5
102.562 -4.68 36 7.4
102.146 -5.154 33 5.2
102.727 -5.023 33 5.2
102.55 -5.308 33 5.1
102.488 -5.164 33 5.6
101.121 29.536 33 5
102.761 -4.784 86.1 5.3
117.488 -7.161 521 6.1
102.743 -4.781 66.5 5.2
122.449 24.582 109.4 5.2
104.68 -6.08 33 5
102.462 -5.134 33 5
122.428 20.247 33 5.5
102.726 -5.087 45.6 5.2
102.448 -4.9 33 5.7
101.129 29.513 33 5.6
121.181 23.738 33 5.3
106.341 -6.783 50.8 5
93.695 23.896 55.3 5.2
86.902 34.369 33 5.9
108.822 -9.76 33 5.1
97.676 0.342 33 5.1
102.186 -5.362 33 5.4
89.081 -4.255 10 5.2
106.116 -7.206 33 5.8
121.218 18.772 33 5.7
121.892 0.451 109.4 6
93.958 8.725 33 5.4
94.013 8.656 33 6
119.527 -8.542 161.6 5
102.626 -4.885 50.5 5.2
113.9 -10.49 33 5.2
96.088 4.049 50.7 5.1
120.507 -7.185 599.3 5.4
101.633 -4.192 33 5.2
102.199 -4.381 64.9 5.5
95.042 24.627 113.4 5.3
99.061 24.768 10 5.6
101.682 -4.395 33 5
103.097 -4.748 88.7 5.1
120.658 18.449 50.8 5.5
106.487 -9.183 33 5.5
101.078 -3.634 33 5.2
87.162 28.872 33 5.2
93.525 12.277 92.8 5.2
121.628 -0.815 33 5.1
98.945 0.881 80.2 5.2
97.784 0.414 33 5.9
101.003 27.689 33 5.5
120.304 -10.234 33 5.3
110.179 -7.869 143.1 6.3
102.677 -4.304 51.5 5.2
102.84 -4.333 100 5.1
102.743 -4.651 46.8 5
107.213 -7.742 90.3 5.3
122.538 0.49 98.2 5
122.397 24.463 77.5 5.6
122.033 24.513 32.1 5.9
97.382 -1.365 33 5.4
121.114 23.037 33 5.4
121.224 23.089 33 5.1
108.275 -6.99 36.9 5
120.922 13.57 33 5.4
101.417 24.879 33 5.2
85.178 27.957 33 5
98.539 0.288 33 5.1
120.716 13.878 108.4 5.4
95.6 33.165 33 5.5
102.177 -4.209 33 5
103.336 -5.281 33 5.7
117.466 8.023 33 5.5
122.071 -9.198 33 5.1
93.352 12.224 96.4 5.9
121.07 21.487 33 5
113.832 -8.61 90.5 5.6
120.719 -7.352 33 5.4
94.992 24.432 121.4 5.1
94.774 6.322 33 5.5
117.633 -8.543 127.5 5
102.004 -5.102 33 5.1
120.76 -9.544 54.5 5
103.483 -5.113 33 5
101.436 -3.184 73.6 5.2
120.76 23.202 5 5
115.042 -11.375 10 5.6
121.821 -9.164 33 5
96.123 3.248 35.8 5
92.375 18.896 10 5.2
110.633 -8.598 67.2 5.8
93.655 21.068 39.6 5
117.145 -7.551 294.6 5.2
100.648 26.316 10 5.6
102.518 -5.227 33 5
102.084 -4.984 33 5
94.359 5.361 33 5.7
122.361 -2.891 33 5.3
91.919 27.268 33 5.2
120.429 -1.546 70.1 5.1
90.541 35.946 10 7.8
93.384 35.726 10 5.6
93.881 35.647 10 5.4
94.023 35.753 10 5.1
93.977 35.61 10 5.2
93.958 35.65 10 5
94.491 35.596 10 5.3
122.63 9.724 33 5.4
93.691 35.726 10 5.6
93.689 35.712 10 5.4
121.154 18.489 33 5.4
93.672 35.763 10 5.4
120.635 13.68 79.1 5.3
91.115 36.072 10 5.2
119.922 -1.203 38.3 5.2
101.903 -4.759 58.5 5.6
93.928 35.583 10 5.1
88.171 27.15 33 5.1
97.794 3.718 139.1 5.1
120.24 18.961 33 5.6
92.77 35.729 10 5.3
120.69 13.646 74.6 5
101.916 -5.11 33 5.1
122.692 24.072 10 5.2
117.112 -11.422 33 5
102.849 -6.009 33 5.6
102.04 -4.333 33 5.6
97.919 1.945 42.2 5.2
101.44 -4.039 33 5.4
119.663 0.401 33 5.2
105.205 -6.314 10 6.1
102.342 -5.63 33 5.1
95.629 3.488 33 5.2
101.211 -2.883 33 5
95.607 3.513 33 5.4
95.659 3.535 33 5.4
95.656 3.521 33 5.2
95.658 3.533 33 5.7
95.677 3.482 33 5
102.09 -4.461 33 5
121.805 2.171 550 5.3
97.001 1.928 26.8 5
121.56 23.716 54.8 5.7
121.196 19.241 33 5.4
120.32 -1.604 19.2 5.1
104.59 -5.875 33 5.2
110.897 -5.7 545 5.2
101.379 -4.12 32.6 5.1
119.938 0.8 33 5.2
112.364 -9.205 33 5.2
122.105 20.142 33 5.6
122.32 0.68 79.4 5.7
102.189 -4.809 51.1 5.4
98.682 -0.499 33 5.1
103.131 -4.805 33 5.1
102.146 -5.27 33.1 5.3
122.179 24.279 32.8 7.1
121.844 24.286 33 5.3
117.052 7.225 33 5.1
107.868 -7.642 43.9 5.2
93.592 9.835 33 5
121.702 22.805 33 5.1
108.343 -5.358 450 5.1
122.675 24.198 44.5 5.2
121.541 22.127 33 5
121.238 19.141 33 5.5
121.238 19.132 33 5.8
122.195 5.669 33 5
121.922 24.636 10 6.2
103.868 -6.935 33 5.2
101.762 -4.81 33 5.2
102.064 -5.816 10 5.5
101.697 -5.835 10 5.1
122.264 24.069 33 6.1
119.69 -1.394 33 5.3
122.23 24.798 10 5.2
119.901 0.495 34.8 5.9
102.559 -2.338 231.6 5.8
113.404 -6.416 42.2 5.1
104.181 -6.963 11 6.5
103.777 -7.08 10 5.2
103.923 -7.075 10 5
103.942 -6.899 10 5.1
103.993 -6.978 10 5.1
103.628 -7.263 10 5.1
103.331 -7.169 10 5.1
94.495 34.132 33 5.6
120.217 -1.409 43.1 5.3
101.487 -3.282 33 5.1
122.288 24.075 43.8 5.8
121.871 1.123 56.7 5.2
103.75 -7.065 33 5
115.262 -11.337 33 5.1
122.208 23.337 33 5.2
104.599 -6.352 33 5
118.616 -9.285 28.8 5.9
121.247 19.144 33 5.1
122.032 0.309 195.9 5.1
93.432 8.337 79.2 5.1
99.927 30.916 33 5.3
121.671 24.167 33 5.2
104.016 -6.998 33 5.8
121.333 -1.196 10 6.2
121.296 -1.261 10 5
105.705 -6.75 62.9 5.8
113.406 -6.398 33 5.6
121.577 22.115 33 5.6
87.878 29.871 33 5
122.272 24.056 39.5 5.5
122.325 24.076 33 5.3
120.754 13.536 10 5.8
104.876 -6.199 43.7 5.2
122.08 24.857 111 5
93.068 13.036 21 6.5
93.107 12.952 33 5.1
93.157 13.055 33 5.8
93.175 13.054 33 5
122.463 24.098 36 5.1
122.27 25.154 182.6 5.5
93.168 13.112 33 5.5
101.38 -3.251 43.9 5.1
122.052 -8.313 42.1 5.1
93.567 33.364 33 5.1
103.029 -5.859 33 5.1
115.663 -7.526 315.8 6
118.341 -8.197 10 6.3
118.254 -8.169 10 5
118.336 -8.172 10 5.1
118.504 15.096 33 6.1
93.528 21.183 40.5 5.1
118.4 -8.189 33 5.2
93.129 35.654 33 5.1
107.356 -7.374 65.5 5.1
94.419 6.03 64.6 5.7
96.097 35.141 33 5.4
121.281 19.194 33 5.4
104.487 -6.411 33 5.1
103.634 -7.056 33 5
96.085 2.824 30 7.4
95.903 2.675 23.5 5.2
96.248 2.642 33 5.2
95.886 2.593 33 5
92.856 12.701 33 5.8
96.394 2.954 27 6.3
95.698 13.25 33 5.4
104.567 -5.654 98.1 5
93.756 17.212 32 5
119.274 -8.651 33 5.3
120.725 13.989 206.5 5.1
96.087 3.006 39.4 5.6
121.279 19.812 51.1 5.2
84.95 -3.137 10 5.1
102.18 -4.208 33 5.4
117.28 -9.542 59.5 5.1
120.911 13.518 184.8 5.2
120.753 12.279 33.6 5.3
104.044 -5.653 33 5.3
95.082 28.64 38.2 5.1
96.208 2.892 33 5.2
117.26 -11.238 19.2 5.5
94.513 19.379 53.5 5.6
94.065 8.844 33 5
121.551 21.737 33 5.1
119.997 17.034 33 5.3
97.72 4.111 138.5 5.4
119.909 -7.99 168.9 5.3
117.788 -8.747 41.3 5.5
105.645 -6.607 33 5.2
121.5 20.095 33 5.6
110.645 -8.609 116.4 5.1
119.658 15.651 10 6
98.6 0.538 45.4 5.5
97.957 0.202 27.2 5.7
97.921 0.217 26.4 5.3
120.718 18.927 33 5.1
95.552 12.922 33 5.3
88.006 29.8 12.2 5.1
95.238 19.888 101.8 5
120.706 23.505 19.4 5
93.845 7.774 35.6 5.2
122.682 1.947 483 5.8
101.638 -3.428 53.2 5.1
97.568 4.495 33 5.7
118.524 -8.807 33 5.5
95.607 12.95 20 5.1
121.958 -0.688 10 5.4
122.033 -0.706 10 5.2
94.203 7.844 33 5.2
103.677 -5.513 33 5.1
95.425 4.001 80.8 5.2
101.196 -2.73 33 5.6
121.571 20.887 66.1 5.1
93.787 32.512 33 5.1
114.521 -7.27 48.4 5.2
121.917 15.578 50.2 5.5
102.573 -3.859 75.7 5.2
103.212 -4.677 75.4 5.4
117.185 -10.211 33.6 5.6
117.05 -10.321 33 5
120.743 -8.294 33 6.5
89.331 27.264 47.1 5.5
92.564 12.518 33 5.9
121.259 18.877 33 5.7
120.774 13.839 131.3 5.4
122.01 0.247 192.9 5.3
121.758 1.234 33 5.1
103.683 -7.02 10 5.8
103.69 -7.032 10 5.5
122.558 17.25 28.4 5.3
98.911 1.142 77.6 5.5
107.315 -8.06 79.1 6
122.39 25.065 33 5.1
121.164 19.177 33 5.2
121.302 19.043 33 5.1
93.094 32.681 33 5.2
92.425 32.588 33 5.1
92.337 32.609 49.2 5.1
120.495 1.158 33 5.5
112.499 -8.577 65.3 5.2
108.374 -9.527 33 5.4
120.275 -10.285 33 5.1
121.424 19.9 46.2 5.4
122.02 24.413 48.1 5.8
121.628 23.52 44.5 6
118.372 -9.097 85.9 5.2
120.514 13.17 46.4 5.5
121.607 23.532 57.8 5.5
95.756 2.773 33 5.2
122.511 4.529 635.4 6
102.06 -3.643 75.2 5.1
93.711 35.705 10 5
89.475 34.606 17.7 5.8
122.001 20.372 10 5.6
122 20.431 10 5.2
102.836 -4.288 98.7 5
122.044 9.337 33 5.9
94.969 12.014 33 5.1
94.981 12.643 33 5.3
122.014 9.26 33 5
95.627 12.563 33 5
100.822 -0.537 144.2 5.7
119.693 18.01 42.8 5.2
111.227 -8.682 56.2 5.9
101.29 25.975 10 6
93.601 6.678 10 5.6
92.306 22.854 10 5.7
92.343 22.825 10 5.5
122.613 24.118 49.9 5.2
120.589 21.988 33 5
97.036 26.687 11.5 5
93.53 12.124 100.2 6
119.015 -9.826 33 5
121.83 20.348 80.3 5.5
95.605 29.573 33 5.5
96.529 2.255 33 5.1
113.183 -8.911 67.8 5.2
103.513 -5.04 33 5
102.178 -5.444 24.8 5.3
102.209 -5.433 26.9 5.1
119.751 13.86 55.2 5.2
122.228 12.166 22.3 5.1
122.318 12.154 20.7 5.8
122.162 12.078 19.2 5
95.9 5.316 124.8 5.9
102.119 -5.635 33 5.4
110.189 -8.55 50.6 5.9
96.818 2.082 33 5.8
121.601 22.658 111.3 5
97.646 4.619 33 5.3
121.033 18.667 64.4 5.7
96.069 2.593 33 5.1
111.687 -7.962 91.3 5
102.844 -4.436 68.7 5
103.566 -5.628 33 5.1
103.254 -4.82 84.8 5.1
95.672 19.917 10 6.6
118.474 -9.595 10 5
119.939 13.755 33 6.2
101.254 25.954 33 5.6
102.458 -5.077 35.1 5.8
103.772 -6.098 33 5.2
103.737 -6.184 33 5.2
119.424 15.973 33 5.2
95.742 19.808 10 5.3
99.788 -1.384 21.7 5
102.631 -4.075 78.4 5.1
121.295 -2.735 33 5.1
103.834 34.712 10 5.1
102.035 -3.605 33 5.4
103.971 27.372 33 5.6
121.374 -8.316 33 5.5
121.379 -8.267 33 5.2
111.028 -10.024 10 5.9
93.245 13.037 33 5.4
102.278 -5.273 33 5
106.203 -7.56 33 5.4
106.274 -6.959 33 5.4
120.524 -8.137 33 5.4
95.952 19.886 10 5.1
121.362 23.039 10 6.8
120.892 17.642 33 5.5
121.523 22.719 10 5.5
121.474 22.501 10 5.4
95.698 19.852 10 5.2
102.81 -5.559 33 5.4
102.028 -5.801 10 5.5
122.35 0.599 74.9 5.9
94.706 4.147 33 5.1
121.613 23.315 54.5 5.2
115.788 -8.31 44.5 5.8
122.185 20.053 42.3 5.6
119.609 -8.731 112.9 5.1
112.077 -7.994 115.5 5.2
121.999 23.408 50.2 5.4
100.655 -0.466 55.8 5.1
102.957 -4.765 42 5
100.488 -1.559 42 6
102.326 -6.163 28.9 5.4
102.223 -6.129 41.3 5.1
93.135 12.959 38.2 5.5
91.953 33.291 38.5 5
91.236 31.639 11 5.6
119.953 -7.881 211.9 5.3
104.531 -5.798 78 5.2
105.436 -6.65 74.9 5.4
89.235 33.962 10 5.4
89.235 34.006 10 5
89.179 33.954 8 6
89.292 33.931 21.4 5
89.275 34.132 10 5.2
89.265 33.957 11.9 5.1
104.129 -5.69 43.6 5.4
104.077 -6.016 42.1 5.5
89.2 33.944 4.1 5.1
100.54 -1.549 65.6 5.5
93.218 13.107 33.6 5.1
94 8.86 10 5.3
93.919 8.837 10 5
94.022 8.904 29.2 5.6
114.65 -8.669 95.5 5.5
102.718 -5.214 44.5 6
89.218 33.998 12.7 5.2
121.611 24.081 44.6 5.2
113.927 3.593 10 5.2
120.924 -9.682 26.8 5.1
93.187 13.089 31.1 5.2
114.448 -9.033 80.8 5
121.604 21.949 26.4 5.6
121.823 24.562 71.4 5
106.178 -6.944 78.3 5.2
97.825 0.415 21 6.1
121.814 23.095 34.5 5.6
93.572 7.314 63.1 5
121.505 22.662 20 6.2
89.285 34.079 10 5.3
97.219 27.099 35 5
120.748 13.817 179.4 5
103.908 -6.157 42.2 5.4
113.109 -6.04 579.4 5.9
95.103 11.051 10 5
92.681 35.77 11.5 5.3
121.549 17.115 50.1 5.2
89.349 34.093 10 5.3
122.243 24.864 10 5.2
94.812 -8.784 10 5.7
83.672 30.694 13 6.2
120.17 13.323 39.1 5
113.367 -6.519 53.8 5.1
97.384 1.286 53.2 5.1
103.981 -2.427 582.1 7.3
95.016 12.405 23.9 5.6
119.836 -8.481 137.1 5.2
83.633 30.714 10 5
94.997 12.455 22.4 5.9
94.948 12.385 20.6 5.1
95.003 12.445 24.1 5.6
94.942 12.27 21.7 5
122.37 20.154 36.2 5.2
102.623 -5.471 40.5 5.6
94.998 12.43 23.5 5.6
95.666 -6.242 20.7 5.6
120.571 4.662 34 5
103.873 27.266 6.3 5.4
109.794 -8.291 79.9 5.2
92.19 32.542 10 5.5
121.317 -8.322 51 5.1
102.242 -4.039 82.2 5.2
98.729 0.111 59.7 5.2
103.781 34.682 10 5.2
115.357 -8.773 98.4 5.4
120.411 14.22 115.4 6
95.879 15.814 15 5.7
118.004 -9.456 38.8 5
107.963 -7.753 86.6 5.1
120.314 1.044 27.5 5.2
95.515 29.773 13.9 5
122.212 2.376 543.4 5.1
97.913 0.194 37.8 5.1
120.534 13.925 105 6.5
103.1 -4.885 61.9 5
119.667 15.611 5.4 5.1
114.3 -9.501 61.9 5.1
122.694 24.53 94 6.7
122.335 18.496 20.9 5.1
101.915 -4.894 32.7 5.4
120.179 0.965 28.9 5.1
103.258 -4.881 48.7 5
103.211 -4.91 42.1 5.4
119.11 15.643 21.2 5.5
119.873 18.775 36.2 5.2
122.542 24.104 29 6.3
122.55 24.079 28.2 5.2
102.868 -6.956 20.8 5.1
122.344 24.076 56.8 5.1
122.226 24.41 49.9 5.7
93.503 9.541 102.4 5.3
121.212 19.573 10 5
97.925 1.983 41.6 5.4
99.341 -2.07 26.9 5.1
92.539 24.757 34.7 5.4
93.178 35.677 10 5
93.993 4.911 15.1 5.1
108.616 -8.837 48.5 5
122.374 24.129 35.9 5.1
95.982 3.295 30 9.1
94.267 4.942 30 5.5
93.361 6.34 30 6.1
93.985 7.421 30 6
94.213 5.499 30 6.1
97.71 20.908 38.5 5.8
93.708 8.826 30 5.5
93.713 7.764 25.4 5.5
93.152 5.838 30 5.3
94.465 5.429 51.8 5.7
92.119 10.382 12.1 5.2
92.454 8.389 30 5.3
94.667 6.848 30 6
93.473 6.17 30 5.6
92.275 12.258 20.3 5.3
92.499 12.321 26.8 5.7
92.467 8.868 15.5 5.7
93.077 6.717 15.4 5.1
94.139 3.99 30 5.7
92.936 12.183 38.5 5.8
92.353 8.493 33.2 5.6
92.432 7.484 30 5.4
92.607 8.463 30 5.2
93.607 4.235 30 5.7
92.604 12.504 30 5.8
97.041 0.056 30 5.4
94.377 3.183 30 5.7
92.326 8.615 30 5.5
92.456 8.192 27.1 5.1
93.009 13.745 30 5.9
93.526 4.054 30 5.4
94.264 7.439 30 5.4
92.924 7.21 30 5.6
94.289 3.548 30 5.5
95.092 5.819 20.6 5.4
94.068 4.473 26.3 5.8
96.405 4.909 30 5.3
93.997 4.64 25.1 5.2
94.334 5.532 30 5.6
92.736 13.465 22.2 5.2
93.33 6.722 46.9 5
94.248 5.51 48.9 5.3
94.771 5.049 30 5.7
92.886 6.478 30 5.1
93.789 4.755 16.9 5.2
94.082 6.789 29.4 5.5
95.89 3.044 30 5.4
94.72 4.983 47.9 5.8
92.918 5.482 36.4 5.4
93.722 8.962 30 5.3
92.958 6.91 39.2 7.2
93.991 7.888 30 5.2
93.175 6.992 36.1 5
93.843 9.123 38.1 5.2
93.88 8.532 32.6 5.4
93.751 8.867 27.7 5.2
92 11.068 29.2 5.3
93.427 8.966 25.1 5.2
92.212 9.296 30 5.3
92.175 9.456 30 5.4
92.462 9.031 30 5
93.891 9.156 26.9 5.2
92.281 8.46 36.5 5.1
94.039 9.318 22 5.4
92.397 12.159 31.7 5.3
94.092 3.348 18.7 5.2
94.294 5.485 30 5.1
93.428 6.451 29 5.2
93.937 3.169 23.2 5.1
94.057 8.273 23.7 5.7
93.912 9.308 23.8 5.1
92.325 10.677 26.4 5.4
93.069 5.34 23.2 5.1
94.795 4.957 30 5.4
92.963 6.651 16.9 5.4
92.282 10.984 23.5 5.5
93.701 9.362 30 5.4
93.747 10.363 19.5 5.6
94.971 4.808 35.4 5.2
92.637 7.422 34.6 5.1
93.035 13.13 30 5.7
93.428 7.808 25 6
94.066 8.128 17.8 5.5
92.362 7.478 30 5.3
93.913 3.231 31.6 5.3
94.476 5.345 34.6 5.1
93.479 8.895 25.5 5.2
95.101 4.855 50.8 5.3
92.186 7.309 33.3 5.2
94.387 7.061 21.3 5
92.375 8.879 16.1 6.6
93.756 7.178 30 5.4
93.138 5.527 30 5.1
93.103 5.728 36.3 5.2
94.305 10.253 30 5.1
93.738 8.857 30 5.5
92.738 13.462 26.4 6.3
93.476 5.17 46.8 5.3
92.62 8.7 39.8 5.4
92.83 6.531 36.4 5.4
92.314 7.633 30 5.5
93.677 10.19 30 5.3
95.13 4.259 30 5.2
93.834 10.07 30 5.5
92.439 12.448 5 5.4
92.84 13.533 13.3 6.2
93.754 3.249 30 5.2
93.254 6.388 61.3 5.2
92.6 12.188 20.6 5.4
92.41 11.57 25.5 5.4
93.909 10.428 30 5.1
94.034 7.715 19.2 5.2
94.392 3.973 31.3 5.1
94.467 2.779 30 5.9
94.024 3.67 30 5.2
92.923 13.496 17.6 5
92.357 8.298 30 5.1
92.184 11.465 30 5.3
92.91 13.59 30 5.7
94.086 3.651 17.8 6
92.982 6.731 18.6 5.3
93.434 5.367 30.9 5.4
94.216 7.442 17.7 5
94.323 5.149 41.2 5.4
94.501 3.864 30.7 5.5
93.974 8.93 22.8 5.2
92.852 13.599 26.8 5
92.484 12.861 45.4 5.1
94.036 8.953 25.5 5
92.198 8.058 30 5
93.318 6.319 30.3 5.3
93.323 3.837 26.9 5.1
93.658 9.425 47.1 5.1
92.953 13.71 26.2 5.5
94.217 4.093 30 5.6
94.162 2.794 30 6.1
101.55 -3.362 52.2 5
96.342 4.471 30 5.5
94.85 4.746 30 5
91.969 9.294 30.7 5.1
93.813 4.466 15.2 5.2
94.467 5.476 33 5.8
92.394 8.472 30 5.5
93.663 9.088 21.8 5.4
92.395 12.982 23.7 5.8
94.892 3.348 47.5 5.1
92.583 6.755 22.7 5
94.112 7.849 30 5.2
94.324 5.355 46.6 5
93.455 6.254 29.3 5.2
92.596 6.829 39 5
93.214 6 29.6 5.2
92.101 8.021 32.2 5.2
93.483 7.94 58.2 5
95.538 3.033 27.2 5.6
94.512 2.709 23.3 5.5
94.134 5.478 19.2 5
94.606 5.521 51.2 5.3
93.279 6.477 30 5.6
94.65 5.348 35 6.1
92.645 7.706 9.1 5.7
92.645 7.512 48.5 5
95.11 4.724 49.7 5.7
93.039 13.681 32.1 5.4
93.05 13.657 25 5.3
92.296 8.075 25 5.1
94.822 4.826 30 5
92.684 12.805 27.6 5
93.873 8.546 24.2 5.2
92.469 12.35 19 5.6
93.588 10.592 23.9 5.2
94.261 4.819 38 5
93.156 5.597 20.2 5.2
94.631 2.754 42.3 5.3
93.817 9.298 39.1 5
93.811 3.317 28.2 5.4
92.499 11.586 25.8 5.5
92.494 11.489 28.3 5.1
92.36 8.971 30.8 5
92.151 7.814 41.8 5.2
93.686 8.547 27.5 5.3
95.606 2.93 28.9 5.8
91.786 7.064 28.7 5.7
93.682 8.948 30 5.3
93.124 5.868 30 5
92.164 6.391 30 5.2
92.985 9.779 31.1 5
91.89 7.994 8.3 5.4
92.646 8.738 30 5.1
94.135 7.655 22.2 5.5
92.813 6.82 13.2 5
95.512 2.805 24.9 5
93.711 9.45 30 5.4
92.353 10.546 30 5.3
95.205 4.732 36 5.8
96.162 5.113 30 5.1
93.023 10.419 30 5.2
95.261 4.691 47 5
93.801 9.937 51.8 5.4
93.699 9.488 30 5.2
93.159 10.064 30 5
94.61 3.711 30 5.1
93.77 8.955 13.3 5.4
94.403 3.61 30 5
92.846 13.847 23.7 5.1
93.004 6.718 30 5.2
92.122 11.076 24.7 5
93.052 9.344 30 5
93.156 8.378 34 5.9
93.756 9.109 8 6.1
92.66 13.3 30 5.4
93.198 8.791 12 6.2
93.088 8.822 30 5.9
93.602 9.606 30 5.4
92.691 13.236 30 5.4
93.145 9.358 48.7 5
93.637 4.379 31.9 5
94.901 5.14 30 5.3
93.762 7.673 37.7 5
95.566 2.799 23.2 5.4
93.13 13.745 20.7 5.2
93.876 3.111 26.8 5.1
94.661 5.455 38.7 5.1
93.693 10.327 29.2 5.3
94.277 5.531 47.7 5.7
94.625 5.23 29.5 5.6
92.072 7.861 26.3 5.2
94.217 4.232 16.6 5.2
95.955 19.922 51.6 5
94.403 5.768 19.9 5.1
94.299 5.535 30 5.2
92.906 6.76 14.1 5.4
92.515 12.237 30 5.7
94.538 5.287 30 5.4
97.758 20.951 20.1 5.1
92.533 7.12 14 6.1
91.988 11.083 27.3 5.1
95.194 4.321 46.6 5.2
93.947 7.636 22.2 5.6
94.834 5.03 13 5.2
92.913 6.204 11 6
95.267 3.173 33 5.4
94.857 5.113 49.4 5.4
95.14 4.73 49 5.9
92.596 7.019 11.3 5
93.895 9.435 44.1 5.3
93.919 7.293 30 5
92.462 7.034 35.5 5.2
95.623 2.91 24.5 5.7
94.398 5.465 36 5.7
92.304 5.099 11.7 6.7
93.057 8.782 30 5
94.811 4.93 28.9 5.2
91.782 10.843 22.6 5
93.218 8.115 27 5.5
94.455 7.336 55.4 6.1
92.7 7.136 48.7 5.1
92.765 7.192 10 5.5
92.626 9.026 30 5.2
95.462 3.242 8.4 5.9
94.465 5.39 21 5.3
92.787 6.36 30 6.4
94.343 5.348 47.5 5.1
92.22 10.576 25.1 5.1
96.677 4.603 52.2 5.1
93.104 4.509 30 5
92.362 10.672 23.2 6.1
92.385 10.609 44.1 5.2
94.775 4.047 29.7 5
94.443 4.01 30 5
93.784 4.581 24.8 5
94.789 4.924 44.2 5.3
94.599 5.118 29.5 5.2
91.727 10.556 10 5.7
93.655 3.527 30 5.5
93.03 6.725 30 5.1
94.759 5.588 30 5.3
94.392 5.489 48.8 5.9
93.249 5.604 30 5.5
91.908 6.938 6.7 5.4
94.835 5.323 49.5 5.7
91.963 6.974 30 5.3
93.606 10.804 107 5.3
93.123 14.105 30 5
91.795 10.906 10.5 5.5
93.564 8.765 30 5.3
91.925 10.641 30 5.1
94.783 4.866 30 5.1
92.876 3.542 30.1 5.2
92.4 7.59 30 5.3
94.276 3.318 26.1 5.3
95.108 4.926 40 6.1
92.282 10.528 22.5 5.5
94.792 5.062 30 5
94.625 5.549 29.9 5.4
94.738 5.123 35.9 5.1
93.251 8.861 4.9 5.1
95.196 4.801 47.4 5.1
93.922 3.135 22 5.6
92.387 14.57 25.7 5.5
105.236 -6.462 58.7 6
93.616 8.662 30 5
92.594 14.57 18.6 5
95.919 3.869 42.5 5
92.019 10.622 27.9 5
92.7 3.547 30 5
95.157 4.705 30 5
93.348 6.437 30.4 5.2
122.46 24.696 103.6 5.2
94.136 3.633 30 5
92.938 14.554 30 5.5
94.387 2.596 27.7 5
93.011 13.635 28.4 5.1
120.145 -1.097 28.9 5.3
119.933 -1.198 11 6.3
94.337 2.71 26.4 5.2
120.164 -1.103 22.9 5.3
96.134 4.701 19.5 5.3
92.482 7.33 30 6.3
94.809 4.748 48.1 5
94.67 5.447 30 5
94.038 8.25 23.3 5.6
94.602 2.699 22.2 6.2
94.063 8.018 23.3 5.5
94.01 7.842 17.5 5.1
94.327 5.336 47.2 5.1
93.99 7.942 30 5.4
94.251 7.87 30 5.1
94 7.828 30 5.4
92.84 13.285 30 5
94.094 7.964 30 5.3
91.777 10.783 30 5.2
94.179 7.821 30 5
94.059 7.944 38.1 5.7
94.052 7.933 30 5.2
93.95 7.83 30 5.3
93.977 7.85 30 5.2
94.135 7.896 30 5.2
94.14 7.969 30 5.2
94.03 7.91 30 5.5
94.109 7.954 30 5.3
94.054 7.777 30 5.2
94.268 7.951 30 5.5
94.065 7.687 30 5.2
94.02 7.809 30 5.2
94.086 7.934 30 5.2
94.006 7.846 30 5.4
93.822 8.063 30 5.3
94.13 7.96 30 5.3
93.858 7.53 30 5.1
94.173 7.937 30 5.3
94.179 7.977 30 5.3
94.002 8.015 37.7 5.5
93.968 7.733 30 5.1
94.345 7.907 30 5.4
94.096 7.987 30 5.4
94.216 7.828 30 5.3
94.119 7.792 30 5.2
94.124 7.869 30 5.3
94.266 7.936 30 5.4
94.155 7.994 30 5.5
93.984 7.842 30 5.1
94.116 7.98 30 5.1
94.238 7.694 30 5.2
94.258 7.92 30 5
94.214 7.963 30 5.3
94.123 7.706 30 5.3
94.199 8.077 30 5
93.899 7.989 30 5.1
94.159 7.99 30 5
94.093 7.877 30 5.9
94.128 7.643 30 5.1
94.206 7.601 25.2 5.4
94.116 7.97 30 5.4
94.107 7.858 30 5.6
94.107 7.899 30 5.3
94.079 8.011 30 5.2
94.047 8.128 30 5.3
94.306 5.511 30 5.5
94.058 7.973 30 5.1
93.961 8.153 30 5.2
94.046 7.934 16.1 5
94.162 8.181 23.4 5.2
93.471 9.697 30 5.3
94.18 7.804 30 5.1
94.031 8.121 30 5.2
93.922 7.846 30 5.2
94.105 8.039 30 5.4
94.102 7.984 30 5
94.116 8.09 30 5.4
94.105 7.793 30 5.1
94.097 7.887 20.2 5.3
94.117 7.924 18.8 5.2
94.117 8.007 17.8 5
94.019 7.724 30 5.3
93.953 7.831 22.6 5.2
94.041 7.96 18.3 5.4
93.996 7.517 30 5.2
94.177 7.907 30 5
93.564 7.807 33.6 5.4
94.173 8.162 18.4 5.2
94.02 7.816 30 5.1
93.897 7.897 24.8 5.4
93.993 7.9 16 5.5
94.033 7.907 43.8 5.7
94.13 7.969 30 5.6
94.069 8.009 40.1 5.3
93.964 7.863 16.6 5.3
94.003 7.86 30 5.3
94.051 8.06 30 5.2
94.059 8.099 30 5.2
94.059 7.903 30 5.3
94.102 8.002 13.4 5.1
94.127 7.915 30 5.1
94.114 7.989 19.6 5.5
93.964 7.745 19.4 5.4
94.022 7.728 21.7 5.2
94.098 7.957 21.3 5
92.528 7.311 35.8 5.3
94.103 7.795 30 5.4
94.706 5.073 46.1 5.1
94.274 8.109 16.9 5.1
94.157 7.935 30 5.3
92.996 13.104 30 5.2
93.7 3.325 29.3 5.5
93.745 3.321 27.2 5.2
94.236 7.835 30 5
94.476 8.359 30 5
94.106 8.009 42.9 5.1
94.322 5.512 30 5.2
94.278 7.812 30 5.3
94.146 8.06 20.7 5.3
94.386 7.909 30 5.6
94.084 7.734 30 5
93.959 8.319 30 5
94.109 8.018 30 5.4
92.358 12.377 30 5
93.509 7.959 30 5
94.332 8.291 22 5.3
94.267 8.063 30 5.1
94.23 8.142 18.4 5
94.268 8.171 23.2 5.2
94.129 7.676 30 5.1
94.249 8.008 30 5
93.147 13.784 21.8 5.1
92.932 13.154 43.4 5.1
94.023 8.007 21.2 5.2
94.228 8.076 21.7 5
94.056 8.117 18.6 5.5
94.282 8.222 20.9 5.3
96.765 4.055 30 5.1
94.26 7.981 18.8 5.1
94.265 8.167 22.1 5.1
94.055 8.072 20 5.1
94.065 7.929 15.9 5.2
121.782 24.294 38.1 5
93.959 9.99 32 5.4
94.14 8.113 19.1 5.2
93.993 9.988 43.6 5.3
94.557 5.185 24 5.3
93.96 9.962 39.5 5.5
94.501 5.274 45.6 5.2
94.312 8.319 18.3 5.1
90.377 6.428 17.9 5.1
93.249 5.623 30 5.5
94.319 7.881 21.4 5.4
94.992 2.255 30 6
95.065 2.325 30 5.1
92.982 10.011 30 5
94.051 8.061 17.2 5.4
94.185 8.106 30 5.9
93.58 13.855 35.6 5.4
94.062 8.07 18.4 5.4
95.156 2.278 28.7 5
92.618 6.801 25.1 5.1
95.117 4.797 44.5 6
120.791 13.686 102.4 5.5
94.286 8.105 30 5
93.032 5.507 30 5
94.794 5.079 48.8 5.3
94.804 5.071 51.3 5.3
98.729 -0.127 47.1 5.8
92.191 1.821 26.9 5.4
92.524 24.55 35.2 5
94.537 24.428 69.7 5.2
93.945 8.097 11 5.9
95.156 4.702 47.8 5.7
94.416 5.446 48 5.6
121.558 23.212 16.6 5.4
122.129 -5.562 10 6.5
122.089 -5.67 10 5.4
94.438 5.044 40.1 5
101.607 -5.639 29.3 5.4
93.608 10.219 25.5 5.4
93.755 3.261 28.1 5.2
91.772 10.829 30 5.5
95.729 2.891 30 5.6
94.17 7.734 24.2 5.1
94.101 7.831 22.7 5.6
95.592 2.908 36 6.8
93.112 9.38 30 5.1
101.535 -5.615 28.9 5
101.501 -5.613 25.4 5.1
121.935 24.637 3.5 5.7
121.918 24.722 10 5.7
113.297 -8.524 116.8 5.1
93.536 3.197 33.7 5
93.456 3.199 19.5 5.3
94.278 7.412 30 5.1
120.472 -7.234 540.8 5.2
94.693 5.478 59.5 5.1
91.634 9.735 30 5.2
94.595 5.486 52.3 5.5
112.716 -8.618 120.7 5
94.427 5.439 30 5.3
102.752 -5.637 30 5.5
95.089 4.863 60.4 5.7
95.67 3.999 48 5.1
92.533 12.339 20.4 5
92.476 13.061 38 5
92.568 12.312 30 5.2
94.374 5.489 39 5.8
94.842 25.477 67.2 5.2
97.108 2.085 30 8.6
97.005 1.114 30 5.8
97.08 1.521 30 5.4
97.169 1.633 30 5.3
97.671 0.434 30 5.2
97.914 0.933 30 5
96.596 2.335 28.9 5.4
97.487 1.23 30 5.9
96.503 2.087 30.6 5.5
96.183 2.276 30 5.1
96.457 2.042 30 5
97.519 0.852 30 5
97.376 0.838 30 5
98.758 2.836 30 5.2
97.102 1.776 30 5.3
97.082 1.634 30 5
97.87 0.997 30 5.4
97.145 1.306 30 5
97.867 0.923 36.1 6.1
96.049 2.751 30 5.4
97.159 2.387 30 5.2
97.821 1.014 30.9 5.8
96.758 2.467 26.8 5.1
97.458 1.043 23.8 5.1
96.941 1.966 26.2 5.3
97.898 1.002 36.1 5.1
97.132 1.751 27.3 5.1
97.579 1.077 30 5
97.101 1.316 30 5
97.043 0.172 38.6 5.7
96.411 2.889 29.2 5.6
96.387 2.914 28.6 5.4
96.354 2.855 27.2 5
97.134 1.617 30 5
97.48 1.031 23.1 5.1
97.05 1.607 26 5.2
97.151 1.249 25.1 5.3
97.156 1.223 22.5 5.2
97.095 0.185 35.8 5.5
96.581 2.648 30 5.9
97.12 1.175 24 5.1
97.482 0.873 24.7 5
96.634 2.143 26.9 5.3
99.207 1.777 30 5.5
96.971 1.894 27.3 5
97.183 1.305 22.4 5
97.258 1.084 24 5.2
96.494 2.23 26.1 5.2
93.364 5.512 25.3 5
96.067 2.547 24.3 5.1
97.123 1.336 24.4 5
97.91 0.922 30 5
97.334 2.352 30 5.1
97.095 1.773 27.4 5.7
96.94 1.892 26.6 5.1
98.144 0.199 20.1 5.3
95.414 2.993 22 6.3
95.423 2.931 25.2 5.6
97.069 1.864 26.7 5.2
97.296 1.102 23.2 5
97.193 1.312 30 5.2
97.119 1.701 22 5.8
97.601 0.674 30 5
97.158 1.105 22.3 5
96.432 2.26 30 5
96.391 2.873 26.9 5.1
97.244 1.135 26.3 5.1
98.109 0.323 29.7 5.6
96.887 -0.405 30 5.1
96.921 -0.416 23.7 5
96.398 2.888 28.2 5
93.1 2.435 31.9 5.3
98.319 0.368 30 6
120.801 13.559 129.2 5.6
97.942 2.022 36 6.3
97.136 1.174 25.2 5
95.892 2.798 30 5
96.284 2.974 30 5.1
93.661 9.776 25 5.2
97.872 1.605 30 5.6
97.011 1.895 25.6 5.1
102.415 -3.984 67.7 5.6
97.239 1.198 24.2 5
97.424 0.607 26.4 5.6
97.437 0.56 30 5.2
97.164 1.351 24.3 5
83.662 30.491 11 6.3
83.681 30.588 10 5.4
83.756 30.323 10 5.1
99.42 -1.565 17.3 5.3
99.448 -1.653 20 5
97.38 0.679 30 5.7
97.731 -0.215 20.9 6.1
119.287 15.48 31.6 5.3
83.67 30.527 10 5
97.156 1.399 30 5.2
92.232 10.567 31.5 5
97.108 1.38 26.2 5
95.337 2.862 24 5.4
99.607 -1.644 19 6.7
99.583 -1.609 30 5.3
99.618 -1.606 30 5.7
99.256 -1.459 30 5
99.782 -1.679 27.1 5.2
99.779 -1.714 30 6.5
99.594 -1.619 30 5.5
99.72 -1.705 29.4 5.8
99.04 -1.52 30 5.2
99.872 -1.705 25.9 5
99.641 -1.63 23.5 5.6
99.696 -1.64 21.4 5.3
99.934 -1.777 32.2 5.5
99.638 -1.621 30 5.3
99.624 -1.648 30 5.3
99.775 -1.826 27.7 5.2
99.717 -1.591 30 6.4
99.803 -1.7 23.5 5
99.798 -1.641 28.5 5
96.888 -0.394 30 5
96.759 2.169 24 6.1
96.829 2.075 26.6 5.5
97.487 1.014 33.3 5
96.847 2.104 28.4 5
97.276 1.045 22.8 5
99.856 -1.688 23.9 5
99.74 -1.705 30 5.4
99.639 -1.656 30 5
99.848 -1.756 33 5.1
99.447 -1.592 22.3 5.2
99.8 -1.762 30 5.2
99.851 -1.713 30.7 5.2
99.875 -1.712 31.8 5
99.951 -1.915 33.4 5.7
120.271 13.716 24.5 5.1
104.746 -6.083 26.6 5.4
96.335 2.932 26.3 5.3
99.942 -1.773 29.9 5
97.662 1.812 31 6.4
97.663 0.307 25.3 5.5
99.624 -1.626 21.6 5.4
93.634 10.178 25.9 5.3
97.491 0.931 22.7 5
120.71 13.918 173.6 5
97.144 1.214 22.6 5
96.302 2.357 26.4 5
95.989 2.746 32.9 5.2
97.249 1.078 24.4 5.1
115.205 -10.537 26.5 5
97.275 0.364 35.9 5.6
97.287 0.395 35.6 5.2
97.173 1.357 22.4 5.2
93.174 4.291 13.5 5.3
96.799 2.132 22 6.2
97.128 1.974 30 5.3
121.643 23.961 7.5 5.3
97.04 0.322 35.5 5.1
96.382 3.047 40.2 5.1
91.688 9.291 19.8 5.3
94.874 4.708 46.3 5.3
94.272 5.227 30.3 5
94.843 5.099 30 5.2
103.139 -6.226 17 6.3
97.322 1.198 30 5
97.227 1.244 27.9 5.3
94.469 5.064 30 5.2
93.273 5.745 28.1 5
98.459 0.587 34 6.7
98.573 0.353 30 5
98.673 0.454 40.8 5
117.56 -8.356 26.6 5.1
97.933 0.216 27.8 5
117.512 -8.315 41.7 5.3
93.271 5.593 9.7 5.7
93.357 5.439 2.5 6.1
97.041 1.989 30 6.9
97.173 1.399 30 5
94.797 5.281 55.6 5.6
97.155 1.213 23 5
97.12 1.286 24.4 5.1
117.709 6.256 19 5.3
94.526 2.648 30 5.1
95.599 2.908 24.7 5.1
93.215 5.691 30 5.7
103.171 -4.732 22.6 5
96.254 0.699 34.1 5
94.432 5.241 30 5.5
122.064 24.716 60.7 5.4
94.626 28.881 25.8 5.8
97.146 1.455 24.9 5.8
121.878 23.962 2.5 5
96.724 2.17 23.5 6.1
97.089 1.813 25 5.5
97.513 1.015 23.7 5.2
112.196 -8.923 60 5.4
96.599 2.117 24.8 5
95.638 2.738 22.5 5
93.934 7.654 20.1 5.3
94.169 2.741 18.6 5.8
94.752 5.619 57.4 5.3
96.796 2.138 27.6 5.3
97.254 1.168 23.3 5
107.463 -7.847 38.3 5.3
95.146 4.806 52.9 5.3
93.266 4.183 26.1 5.1
93.607 13.849 39.7 5.1
93.582 10.251 36.8 5.3
97.082 1.819 21 6.7
93.422 3.958 28.1 5.6
118.791 -8.556 118 5.2
119.963 -1.174 32.2 5.9
97.226 1.274 23.1 5.6
92.903 10.351 49.6 5.5
122.599 10.532 56.7 5.1
94.986 21.015 120.3 5
122.343 24.724 12 5.2
96.267 4.342 14.6 5.1
97.136 2.433 43.6 5.2
94.802 5.113 48.1 5.3
92.19 7.92 16 7.2
91.816 8.064 19.5 5.1
92.109 8.091 30.7 5.1
92.01 7.791 30 5
91.926 8.123 31.3 5.6
93.002 8.02 30.9 5.2
96.838 1.18 25.7 5.3
97.023 1.898 27.9 5
91.639 8.372 25.5 5.3
92.328 8.381 33.5 5.3
93.558 2.857 32.4 5.5
97.417 1.092 25.9 5.3
97.43 0.992 30 5
91.958 8.016 30 5.1
94.476 5.177 38 5.8
97.764 0.348 26 5.1
97.816 0.381 29.1 5
92.667 6.725 5.1 5.4
96.421 2.164 26.2 5
103.036 26.569 42.4 5.2
119.629 -7.217 409.3 5.4
94.13 7.738 19.2 5.5
117.271 -8.178 187.2 5.3
97.207 1.367 30 5
97.832 2.014 30 5
94.579 5.547 51.4 5.3
97.137 1.468 30 5
92.251 11.044 36 5.1
97.743 0.323 26 5.3
99.625 -1.662 29.1 5
121.212 19.228 38.6 5.2
94.795 5.074 30 5.1
98.923 2.451 147.1 5.5
95.144 4.746 54.3 5
119.103 -9.3 30 5
122.191 24.084 32 5.8
97.604 0.029 27.6 5.6
92.199 7.686 31.7 5.2
97.612 0.048 27 5.2
97.704 0.083 13.2 5.1
95.044 4.862 41 5.8
91.912 8.073 30 5.5
93.974 7.647 30 5.1
94.781 24.561 84 5.7
95.973 3.977 49.2 5.1
105.498 -5.845 57.9 5
97.867 0.068 28.3 5
103.881 -5.947 50.5 5.1
121.41 23.21 9.4 5.2
94.515 5.219 48.3 5.2
97.239 1.108 23.7 5.2
94.368 5.509 32 5.5
94.277 5.559 44.6 5
95.577 5.233 18.3 5.7
92.063 7.897 46.7 5.3
97.853 1.957 30 5.6
105.459 -6.881 30 5.5
92.296 10.894 22.8 5.4
95.098 4.82 30 5.9
119.461 -11.306 4.1 5
120.302 21.333 35 5
97.941 2.026 38 5.7
103.06 -5.83 45.8 5.1
117.361 -9.36 25 5.3
96.05 25.568 102.8 5
120.243 -7.301 525.4 5.2
94.303 4.034 31.3 5
97.269 1.226 30 5.5
108.389 9.959 10 5.2
108.287 9.973 10 5.3
97.036 1.863 30 5.2
95.471 2.819 30 5.1
96.794 2.034 31.5 5.2
96.786 2.164 21 6.5
103.512 -3.996 30 5
96.945 0.729 27.8 5
115.688 29.671 11.1 5.2
97.266 1.16 24.4 5.6
97.244 1.145 30 5.2
119.774 -9.109 10 5.1
95.267 3.404 32.3 5
97.202 1.363 30 5.1
120.717 14.018 201.6 5.6
99.779 -1.196 30 5.2
95.916 2.842 18.2 5.7
93.296 35.829 21.5 5
88.133 -2.011 10 5.1
102.904 -4.494 44.2 5
96.197 25.01 12 5.1
95.144 4.735 51.5 5.5
120.059 -0.397 30 5
95.2 12.235 25.1 5.4
120.43 13.425 41.7 5.3
97.904 0.117 22.7 5.1
97.532 0.982 40.4 5.1
122.597 -7.826 264.8 6.1
122.653 -7.21 586.3 5.3
113.064 -6.082 579.6 5.2
93.245 13.002 44 5.6
102.821 -4.777 54.4 5.3
104.154 -5.055 21.4 5.7
118.009 1.658 10 5.4
96.073 2.703 20 5.9
92.372 11.86 19 6.1
96.446 2.224 27 5.1
97.101 1.607 26.7 5.2
121.646 -7.694 365.9 5.5
95.451 2.858 25 5
104.801 -6.346 31.5 5.1
96.249 2.415 26.7 5.1
88.388 27.382 30 5.3
91.705 26.912 10 5.8
91.632 26.863 10 5.2
89.598 35.28 10 5.4
106.04 -8.66 3.6 5.4
94.688 5.609 30 5.2
89.541 35.286 5.6 5.1
120.515 13.459 22.3 5.8
95.898 2.667 20.3 5
94.488 4.964 30 5.2
94.469 21.116 112.8 5.2
96.255 3.999 30 5.4
93.901 10.698 15.1 5.1
94.599 8.922 18.6 5.1
94.275 10.736 15.7 5.1
94.45 10.789 20.8 5.2
94.51 10.801 21.4 5.2
94.359 10.725 22 5
94.58 10.84 10 5.4
94.239 10.659 10 5.3
94.536 10.707 10 5
94.335 10.719 22.4 5.2
94.429 10.712 20.8 5.2
94.359 10.708 18 5.3
94.358 10.73 10 5.2
94.256 10.716 23.7 5.4
94.284 10.632 22.7 5.2
94.258 10.55 22.6 5.1
94.4 10.689 21.8 5.2
94.214 10.62 25.2 5
94.23 10.641 24.9 5
93.638 13.879 44.1 5.2
106.72 -7.366 20.3 5
94.426 10.798 23.4 5.4
94.778 5.072 50.2 5
96.048 4.134 48.7 5.2
93.972 2.94 28.4 5
94.35 10.718 10 5
95.681 2.719 25 5
93.851 23.184 61 5.1
121.401 12.078 32.1 5.6
95.653 35.255 35 5.3
121.278 22.868 9 6.1
94.926 2.271 28 5.3
96.394 2.412 26.7 5.4
97.347 0.295 33.8 5.1
121.438 19.926 37.1 5.1
97.07 1.654 37.8 5
89.669 35.314 10 5.6
93.217 9.406 39.1 5
121.362 22.802 18 5.9
93.226 2.643 17 6.2
90.413 31.607 33.1 5.7
96.448 2.059 27.6 5.1
96.49 2.089 25.7 5.4
96.499 2.154 26.7 5
119.676 -8.213 207.6 5.4
96.995 1.994 21 6.3
95.986 4.548 73.6 5.3
121.566 23.956 8.5 5.2
118.349 -11.211 23 5.8
96.475 2.18 25.5 5.2
120.812 21.555 39.2 5.4
97.096 3.171 11.1 5.2
102.346 -4.852 36 5.9
121.131 19.172 33.6 5
120.351 -9.061 80.4 5
94.307 23.309 30 5.6
105.395 -5.575 17.2 5.5
94.432 5.521 34 5.7
97.05 0.093 12 6.8
97.123 -0.024 28.8 5.1
97.158 0.116 33 5.3
102.736 -4.457 38.8 5
105.977 -8.687 28.5 5
112.029 -9.988 39.7 5
117.057 -11.239 52.9 5
122.609 4.221 598.3 5.1
99.584 1.741 180.9 5
120.107 20.646 24.3 5.1
122.477 0.111 281.1 5.3
110.446 -7.961 12.5 6.3
121.179 19.162 23.2 5.7
120.618 13.665 84.6 5
121.918 21.556 25.6 5
120.116 19.025 31.4 5.2
94.571 5.512 52.6 5.1
94.37 2.652 29.1 5.2
122.147 7.823 41.9 5
121.799 1.281 25.7 5.6
121.824 1.236 34.2 5.4
92.454 6.938 16 6
93.596 8.811 15.4 5
92.793 6.501 28.8 6.3
97.334 0.738 46 5.2
93.599 3.723 32.4 5.2
120.386 -10.253 7.1 5
102.166 -4.904 35 5.1
107.419 -9.284 20 7.7
107.347 -9.281 17.5 5.6
107.764 -9.5 34.1 5.3
107.706 -9.46 10 5.2
107.736 -9.456 12.5 5.4
107.516 -9.68 24.9 5.5
107.886 -9.875 10 5.7
107.76 -9.087 10 6
107.903 -9.533 19.4 5
107.938 -9.4 10 5.1
107.758 -9.455 10 5.1
107.733 -9.606 10 5.2
107.733 -9.032 10 5.9
108.235 -9.748 35 5.2
107.834 -9.3 27.4 5.1
107.68 -9.094 10 5.5
107.386 -9.345 10 5.2
107.649 -9.506 35.2 5.9
108.529 -9.247 35 5.2
107.888 -9.138 10 5.1
108.573 -9.293 33.8 5.3
108.66 -9.506 33.2 5
107.833 -9.009 23.7 5.7
107.891 -9.036 10 5.2
108.074 -9.53 6.1 5.1
107.937 -9.995 13.3 5
108.014 -9.567 10 5.3
107.797 -9.106 25.7 5.1
108.019 -9.531 22.3 5
107.139 -9.241 10 5.1
108.602 -9.302 10 5.1
108.675 -9.383 12.2 5.4
108.713 -9.286 10 5.2
107.928 -9.057 32.4 5.3
107.322 -9.192 10 5.2
107.306 -9.22 0.8 5.3
108.539 -9.274 10 5.2
107.71 -9.529 12.7 5.5
108.319 -9.42 21 6.1
108.774 -9.369 26.9 5.9
108.318 -9.5 15.6 5.3
107.663 -9.569 13.3 5.2
108.329 -9.785 10 5.1
108.231 -9.414 10 5
107.84 -9.091 21.9 5.2
108.642 -9.453 10 5.1
119.702 0.192 71.6 5.2
107.86 -9.056 11.7 5.3
108.547 -9.326 26.7 5.1
96.923 0.333 35.8 5.3
96.208 32.978 10 5.2
107.82 -9.635 10 5
108.696 -9.342 10 5
107.809 -9.107 10 5.2
108.753 -9.301 20 5.7
108.262 -9.183 34.9 5
107.619 -9.561 31.3 5
107.794 -9.703 10 5
107.867 -9.025 10 5
108.74 -9.33 10 5
108.53 -9.293 10 5.3
108.075 -9.198 10 5.1
108.779 -9.355 13.5 5.6
108.538 -9.821 10 5.1
108.089 -9.441 35 5
107.743 -9.01 11.9 5
107.143 -9.292 10 5
107.735 -9.275 30.3 5.2
108.622 -9.473 34.9 5
108.693 -9.523 7.8 5
108.373 -9.216 10 5.5
107.241 -9.543 10 5.7
96.208 32.974 15.7 5.5
105.389 -6.535 45 6.1
108.331 -9.836 10 5
108.059 -9.485 10 5.2
108.537 -9.332 8.4 5
107.55 -9.3 15.6 5
108.034 -9.11 10 5.1
107.996 -9.184 10 5
108.821 -9.687 10 5.2
102.253 -4.847 43.2 5
108.676 -10.008 18.3 5
98.145 1.244 30 5
107.435 -9.584 19.2 5.1
107.441 -9.585 15.1 5
107.467 -9.535 25.4 5.1
108.101 -9.713 10 5.1
107.607 -9.642 10 5.2
107.674 -9.553 10 5.1
107.694 -9.59 10 5
108.503 -9.257 10 5.1
108.401 -9.305 10 5.2
108.408 -9.26 10 5.3
108.464 -9.348 21.5 5.1
108.521 -9.312 10 5.2
97.146 1.707 20 6.3
121.415 19.803 31.5 5.1
107.356 -9.595 11.2 5
101.601 -4.88 30 5.1
122.526 24.183 33 5.9
108.691 -10.11 34.7 5.1
97.182 1.463 30 5.6
97.154 1.156 30 5
103.791 -6.415 30 5
96.191 4.843 30 5
91.926 8.632 17.3 5.1
116.85 -11.167 15 5.9
95.967 3.966 45.7 5
108.052 -9.07 10 5.1
96.348 2.403 22 6.2
121.531 22.447 42.5 5.2
96.365 2.189 28.8 5
107.588 -9.691 10 5
120.514 13.86 78.6 5
92.71 24.662 42.8 5
94.663 5.519 30 5.1
97.207 0.844 30 5.1
95.101 4.723 30 5.1
104.151 28.012 21.8 5
121.472 -8.864 15 5
108.282 -9.456 10 5
107.768 -9.483 10 5
107.731 -9.549 10 5
97.18 0.185 49 5.4
107.544 -9.264 10 5.1
120.106 -7.219 572 6.3
99.592 1.124 14.3 5.3
94.779 5.124 49 5.2
107.346 -9.902 12 5.9
110.365 -9.05 25 6
119.146 -9.039 100.7 5.2
98.015 -9.491 10 5.1
105.756 -10.429 16 5.4
119.316 18.338 30 5
97.468 1.074 50 5
97.247 1.317 30.6 5.4
100.179 11.743 10 5
120.023 20.654 14 6.3
120.004 20.704 10 5
119.948 20.751 10 5
120.039 20.542 10 5.1
119.898 20.629 10 5.2
119.981 20.707 10 5.9
119.926 20.657 10 5
120.048 20.517 10 5
120.159 20.55 26.5 5
120.016 20.773 10 5.1
119.951 20.685 10 5.2
119.945 20.687 10 5.2
120.084 20.712 10 5.7
120.13 20.727 26.4 5
95.006 4.941 30 5
119.965 20.714 10 5
122.627 24.148 35 5.7
91.755 10.441 28.2 5
97.133 1.334 25.8 5
121.47 13.432 22.7 5.8
121.527 13.493 25.3 5.8
121.546 13.418 10 5.6
121.378 13.368 18.3 5.9
121.162 13.276 9.7 5.1
97.431 1.113 23.1 5.2
97.359 1.04 20.9 5
100.198 -2.084 43.6 5
93.351 22.104 49.3 5
121.573 -4.027 10 5.2
97.212 0.913 24.8 5.2
121.266 19.776 33.2 5.2
119.997 20.656 13.7 5.2
120.69 13.784 121.9 5.2
108.905 -9.778 10 5
120.259 20.494 28.9 5.3
94.783 4.746 32 5.9
94.771 4.741 29 5.9
119.233 -3.728 31.3 5.1
107.798 -7.735 38.4 5.1
99.079 3.39 204 6.3
118.753 -8.261 19 6.3
122.407 9.602 36 5.4
96.228 4.86 30 5.2
94.752 5.08 30 5.1
119.895 20.892 24.5 5.1
95.018 4.815 36 5.8
99.859 0.626 30 5.8
98 2.458 66 5
92.361 10.653 24 6.2
122.261 24.768 28.4 5.1
105.635 -6.785 30 5.5
116.509 -6.801 518.8 5.6
120.547 21.799 10 7.1
120.493 21.974 10 6.9
120.852 21.636 10 5.5
120.413 22.069 22.7 5.4
120.632 21.802 30 5.3
120.482 21.999 10 5.6
113.855 -10.701 10 5.2
111.672 -8.257 139.9 5
94.346 5.452 30 5.4
101.413 -5.442 30 5.2
101.477 -5.45 30 5.3
97.959 0.254 30 5.3
92.437 8.077 11 6.1
121.531 21.151 70 5.1
122.488 24.005 35 5.2
89.69 1.978 10 5
101.454 -5.488 17.5 5.9
109.672 -9.993 25 5.8
95.807 2.822 24 5.3
121.926 22.564 36.2 6
97.111 1.734 30 5
93.595 8.359 30 5.4
107.193 -7.817 51.7 5.5
95.65 2.703 30 5.1
118.818 -9.005 25 5.1
94.401 6.178 67.6 5.4
97.114 1.51 30 5
97.308 0.432 16 5.7
94.26 5.208 30 5.2
97.23 0.642 4.7 5.4
97.372 1.071 30 5.1
120.484 21.681 35 5.3
102.976 -4.388 54.8 5.4
118.927 -11.234 40 5.2
116.138 1.63 11 5.3
90.661 33.191 35 5.3
96.336 3.776 74.2 5.2
93.059 10.292 78.9 5
100.498 -0.493 19 6.4
100.53 -0.488 11 6.3
100.913 -0.399 20 5
97.908 1.955 35 5.9
122.375 24.061 42.4 5.1
121.405 20.056 29.1 5.4
121.936 19.778 27.9 5.1
117.863 -8.128 10 5.6
89.433 35.623 35.3 5
89.41 35.638 44.6 5
86.775 -3.388 21 5.9
103.157 -4.772 71.9 5
122.631 1.274 27.6 5.6
91.516 9.203 30 5.1
102.954 -4.434 75.6 5.2
95.7 2.916 30 6.1
89.419 -1.317 10 5
92.525 12.99 30 5.5
122.129 21.136 10 5.5
101.187 -2.958 45.6 5
94.635 5.359 38 5.9
94.617 5.509 52.9 5
99.873 -2.328 30 5
89.982 34.674 48.6 5
120.201 17.307 55 5.5
94.483 23.161 93.7 5
97.787 31.355 12.1 5.5
120.262 20.5 35 5
97.248 1.255 30 5.5
100.732 20.503 9 6.3
105.22 -6.584 16.1 5
96.032 4.111 30 5.2
96.749 2.009 30 5
95.548 2.629 39.9 5.2
118.797 -9.553 37.9 5.6
117.779 -9.366 57.9 5
93.864 8.305 35 5.4
101.052 23.028 5 6.1
122.686 13.875 30.4 5.3
93.864 9.378 123.1 5
96.04 2.606 24.4 5.2
121.48 20.982 64.7 5.1
99.779 21.473 22 5.6
99.909 21.552 12.2 5.4
97.328 1.192 51.2 5
94.585 5.423 30 5
119.754 -7.893 223.6 5.3
108.149 -10.492 10 6
103.862 -5.853 27.4 5.2
96.581 25.429 52.7 5.2
122.098 -0.564 27.7 5.1
119.447 18.203 30.9 5.2
94.254 3.325 24.8 5
103.222 -7.346 30 5
84.395 6.465 10 5.2
104.537 -5.954 30 5.1
117.988 -9.36 81.4 5.2
97.456 5.003 30 5.2
121.629 23.666 40.6 5.2
98.001 2.265 62.9 5.3
92.518 7.157 15 6.1
95.611 19.311 14.2 5.6
95.615 19.238 10 5
90.998 6.691 30 5
107.681 -5.926 291.2 6.1
107.419 -5.859 280 7.5
121.104 22.579 21 5.3
105.135 -6.521 51.8 5
87.737 27.344 35 5
96.693 2.075 30 5
97.539 0.888 30 5
97.532 0.868 30 5
93.989 14.291 65.2 5.2
119.599 -1.507 43.1 5.2
121.427 21.785 24.5 5.4
99.318 1.798 145.8 5.4
122.219 24.34 53 6.2
122.336 24.373 59.9 5.2
103.279 -7.141 30.4 5.1
97.753 0.292 25.7 5.2
97.802 0.339 30 5.1
105.53 -5.73 10 5
101.367 -4.438 34 8.4
101.792 -2.587 35 5
101.365 -4.264 35 5.3
100.221 -2.84 35 5.5
101.305 -4.184 35 5
100.278 -2.71 35 5.2
101.379 -2.93 35 5.6
100.747 -3.526 35 5
100.722 -3.259 43 5.2
101.463 -3.158 35 5.9
101.182 -4.08 35 5
101.396 -3.145 35 5.8
100.461 -3.072 42.2 5
101.402 -4.429 28.4 5.1
100.906 -2.802 35 5.1
100.999 -4.01 26.7 5.1
100.841 -2.625 35 7.9
99.572 -1.893 35 5
99.431 -2.304 14 5.2
100.317 -2.561 35 5.2
99.816 -1.9 16.6 5.7
99.716 -1.875 29.9 5.1
99.467 -2.199 24.5 5.1
101.752 -3.823 30.6 5
99.668 -1.689 28.9 6.5
99.794 -2.044 28.9 5.4
99.627 -2.13 22 7
99.64 -1.978 35 5.1
99.644 -1.608 29.2 5.1
99.635 -1.724 32.4 5.5
100.688 -3.723 28.9 5
100.843 -3.701 35 5
99.516 -1.98 28.4 5
99.513 -1.941 34.2 5.2
99.821 -2.146 35 5.3
101.659 -3.432 35 5.1
100.492 -2.565 35 5
100.846 -3.585 35 5.1
100.974 -2.749 17.2 5.5
100.267 -2.918 35 5.1
101.272 -4.297 24.7 5.2
101.524 -3.172 53 6
99.947 -2.234 30.3 5.5
99.881 -2.423 41.2 5
101.232 -2.836 35 5
101.833 -3.783 26.8 5.4
101.145 -2.919 40 5.1
100.117 -2.147 29 5.2
101.169 -4.075 23 6.4
100.953 -4.416 25.3 5.8
121.338 19.881 27.5 5.3
102.351 -3.003 35 5.3
101.202 -4.228 35 5.1
100.247 -2.844 35.1 5
101.223 -4.234 35 5
101.19 -2.788 35 5.5
101.244 -2.796 35 5
99.725 -1.762 35 5
99.538 -1.8 30.9 5
101.106 -2.763 38.3 5.2
101.174 -2.72 35 5.2
101.203 -2.834 35 5.3
100.767 -3.645 25.4 5.1
101.027 -4.041 25.2 5
101.348 -3.259 35 5.6
93.666 19.973 32.2 5.1
97.715 0.128 25 5.1
100.892 -2.746 35 6
101.229 -4.303 27.1 5
121.258 19.245 37.4 5.3
100.141 -1.999 30 6.7
117.006 -10.378 35 5.7
99.53 -2.181 25 5.1
101.057 -4.337 28.8 5
99.939 -2.003 35 5.3
99.935 -2.135 28.4 5.5
100.846 -3.682 35 5.4
100.835 -3.596 26.7 5.1
100.833 -3.609 39.8 5
122.537 -7.611 23.8 5.1
101.381 -3.007 35 5
100.362 -3.155 18 5.7
100.07 -1.573 35 5.4
101.465 -4.385 35 5.3
105.572 -5.875 35 5
101.299 -4.413 35 5
100.46 -1.774 35 5.3
99.488 -1.787 26 6.1
99.46 -1.832 24.4 5.1
100.839 -3.486 35 5
95.533 2.915 20 5.7
95.523 2.9 35 6
96.585 4.089 35 5
101.212 -4.24 22 5.9
99.779 -1.853 35 5.1
92.903 2.543 35 6.2
116.811 -8.285 10 5.7
101.337 -4.376 35 5.1
121.118 19.065 38.8 5.3
99.48 -1.735 27.3 5.9
91.8 9.702 36.6 5.2
100.978 -3.9 35 5.4
100.509 -3.285 15 5.7
98.751 0.762 75.4 5
121.419 19.831 27.5 5
96.455 2.975 40.1 5
121.714 23.501 51.9 5
100.507 -3.245 35 5.2
100.481 -3.212 23.7 5.2
100.803 -3.591 35 5.5
100.613 -3.223 23.4 5
100.859 -3.592 27.6 5.6
97.047 1.84 35 5
99.896 -1.996 30 5.8
119.316 5.71 48.8 5.2
101.02 -3.899 21 6.8
100.794 -3.541 29.7 5.5
122.529 15.242 25.3 5
100.625 -4.169 35 5.1
120.816 13.741 146.4 5.3
101.283 -2.991 48 5.3
101.092 -3.737 25.2 5
120.718 -0.996 35 5.2
92.388 22.15 28.7 5.5
100.722 -3.645 31.6 5.1
104.56 -6.514 35 5.1
121.088 18.599 14.5 5.2
107.854 -8.565 34.2 5.3
101.308 -4.437 35 5.1
95.481 29.387 24.3 5
100.531 -3.277 15 5.9
99.473 -0.552 35 5.5
94.492 2.625 27.1 5.1
100.694 -0.881 107.4 5
101.263 -4.329 35 5.4
95.06 4.743 49.3 5.8
101.162 -2.808 55.9 5.9
118.37 -8.292 20 6.5
100.413 -2.238 35 6
118.467 -8.224 18 6.5
118.607 -8.246 32.8 5.4
96.974 0.268 36.8 5
118.694 -8.214 35 5.3
100.462 -2.255 35 5
97.103 1.091 35 5
119.838 16.058 35 5.9
100.437 -1.63 35 5.3
100.529 -2.261 50.8 5.2
108.297 9.99 10 5.2
101.137 -2.864 35 5.4
94.675 23.39 114.8 5.1
97.883 1.981 44.6 5.9
101.364 -4.62 10 5.3
101.365 -4.454 27.4 5.1
122.49 18.336 41.3 5
105.993 -7.068 87.7 5
100.451 -2.277 51.2 5.3
122.383 -8.681 132.5 5.1
121.37 22.983 8 5
120.642 0.21 83.2 5.1
94.565 23.495 113.3 5
94.666 5.457 72.8 5
113.472 -9.979 10 5.3
120.811 20.37 10 5
96.761 2.223 35 5
120.645 13.172 87.4 5.1
100.837 -4.523 22.7 5
119.888 15.341 62.9 5
100.63 -3.267 43.6 5.1
112.385 -9.215 48 5
113.355 -10.755 10 5.3
100.623 -3.504 27.9 5.1
96.806 2.087 23 6.1
102.451 -5.582 35 5.1
101.294 -4.328 25.7 5.2
101.231 -4.305 27.3 5.2
97.022 0.116 38.1 5.1
95.661 5.418 20.9 5.4
84.534 36.408 40 5
122.662 -5.921 10 5.4
101.032 -2.782 35 6
94.685 5.477 57.3 5.3
107.487 -9.291 29.8 5.1
103.096 -4.867 35 5.1
85.166 32.288 10 6.4
85.147 32.293 10 5
120.989 17.048 10 5.7
92.869 10.413 34 5.9
85.158 32.331 9 5.9
97.462 0.922 10 5.4
97.442 1.011 20 6.2
85.262 32.349 5.4 5.5
97.158 1.335 23 5
101.224 -2.83 50.9 5
101.869 -4.025 35 5.3
97.271 1.031 10 5.3
119.93 16.049 74.7 5
119.863 -8.202 191.6 5
111.521 -8.617 35 5.1
122.537 18.146 20.4 5.1
118.07 -3.517 13 5.9
122.653 1.228 35.6 5.8
116.819 -7.582 321.7 5.7
101.21 -3.008 47.3 5.5
120.581 13.308 35 5
121.45 23.28 19.4 5.4
100.934 -3.292 35.9 5.3
121.1 20.278 10 5.2
99.946 -2.434 14.2 5.4
95.964 2.768 26 7.4
96.138 2.608 35 5.4
96.062 2.541 35 5.2
96.254 2.697 35 5.1
95.837 2.504 24 5.3
95.775 2.639 22.6 5
100.84 -3.369 26.7 5
96.081 2.484 35 5
99.88 -2.323 24 5.7
99.962 -2.511 32.9 5.6
101.986 -3.741 44.2 5.2
99.954 -2.343 27.9 5.2
99.963 -2.469 22.9 5.3
99.931 -2.405 22 6.5
99.977 -2.517 24.5 5.4
99.972 -2.486 25 7.2
96.065 2.639 35 5
99.882 -2.468 35 5.1
99.971 -2.312 35.8 5.3
99.997 -2.301 38.9 5
99.891 -2.332 25 6.6
99.808 -2.245 25 6.7
122.237 -0.604 66.4 5
95.921 2.639 35 5.1
101.769 30.085 24.2 5.1
101.067 -3.852 20 5.9
120.732 13.411 28.8 5.2
93.477 3.931 35 5.6
120.738 13.371 58 5
101.33 -4.44 27 5.3
99.823 -2.18 25 6.2
121.334 19.913 10 6
101.452 -4.467 27.5 5.6
97.146 1.143 32.1 5
101.462 -4.455 33.4 5.4
92.394 3.797 31.6 5.2
120.825 23.123 11.3 5.2
94.825 5.08 56.4 5
99.791 -2.235 35 5.3
95.595 2.383 35 5
100.813 -3.758 27.2 5
100.859 -3.654 29.8 5
101.437 -4.215 45 5
94.596 2.708 25 6
101.095 -2.897 35 5.2
97.498 24.547 17.1 5.1
121.949 20.251 10 5.8
121.984 20.271 16.2 5.5
95.296 2.855 20 6.3
98.242 0.114 49.2 5.2
101.177 -2.859 50.4 5.1
111.91 -9.163 27.9 5.1
122.06 20.198 10 5.2
122.102 20.165 10 5.1
122.035 20.274 35.2 5.4
102.717 -4.346 67 5.7
99.191 -0.159 81.1 5.3
121.325 19.822 21.8 5.3
121.329 19.772 10 5.3
95.432 2.901 36.5 5.2
96.117 2.633 25.9 5
121.47 22.819 27.5 5
91.78 8.264 35 5.1
91.86 8.338 35 5.1
121.619 22.881 10 6
121.65 22.88 6.8 5.1
121.717 22.771 10 5
85.227 32.625 10 5
101.407 -3.266 46.4 5.2
107.876 -7.782 40.7 5
121.812 -8.066 35 5
101.213 -2.874 49.4 5
101.319 -3.015 50.4 5.3
94.703 5.507 35 5
122.575 24.044 16.5 5.6
103.322 31.002 19 7.9
104.787 31.968 10 5.2
104.032 31.586 10 5.7
104.682 31.342 10 5.7
103.715 31.211 10 5.8
104.705 31.272 10 5.4
105.234 32.436 10 5.3
104.481 31.906 10 5.1
105.202 32.372 10 5.1
103.747 31.146 10 5.3
104.638 31.857 10 5.1
103.646 31.216 10 5
104.908 32.195 10 5
104.217 31.636 10 5.3
105.134 32.165 10 5
103.625 31.243 10 5.1
103.53 31.1 10 5
104.052 31.503 10 5
103.682 31.206 10 5
104.092 31.527 10 5.5
103.365 30.966 10 5
103.618 31.214 10 6.1
103.511 31.028 10 5
104.65 32.12 18.3 5
105.616 32.733 10 5.1
103.692 31.243 17.4 5
104.575 31.952 10 5.1
103.514 31.058 10 5
103.524 31.178 34.8 5
103.889 31.413 21.7 5.6
104.454 31.746 32.7 5.3
122.572 24.078 29.5 5
103.527 31.282 10 5.2
103.53 31.298 10 5.1
103.682 31.205 10 5
103.194 30.89 9 5.8
105.275 32.416 10 5
95.089 4.676 35 5.4
122.255 16.458 44.2 5.2
121.237 22.705 20 5.2
122.244 16.481 53.9 5.3
103.518 31.325 18.8 5.4
104.032 31.996 10 5.1
104.014 31.356 10 5.1
104.214 31.66 10 5.1
103.351 31.355 3 5.6
103.665 31.29 10 5
104.982 32.24 9 5.8
118.173 4.598 10 5
101.409 -3.202 32 5.7
105.042 32.402 10 5
105.272 32.451 10 5.2
99.147 1.64 10 6
99.18 1.724 10 5.3
101.475 -3.181 47.9 5.7
101.408 -3.204 45.2 5
101.272 -4.129 19 5.5
101.096 -4.445 22.3 5.2
105.423 32.56 18 6.1
105.533 32.699 10 5.2
105.54 32.71 10 5.7
105.382 32.67 10 5
121.35 20.124 31 6.3
118.034 -9.159 81.9 5.1
121.816 24.846 94.7 5.3
104.602 32.067 10 5
97.759 0.354 35 5.3
120.255 -8.166 14 5.9
120.265 -8.125 7 5.8
120.231 -8.1 14 6
99.975 -2.077 35.3 5.2
120.127 -8.143 10 5.1
122.639 -0.627 46 5.3
105.005 32.349 10 5.2
120.343 -8.155 10 5.3
120.431 -8.115 10 5.1
92.116 33.169 10 5.2
85.243 32.447 10 5.1
91.961 33.182 10 5.4
92.081 33.176 10 5.1
92.09 33.159 10 5.3
112.769 -9.379 51.9 5.2
97.478 0.824 23.8 5.1
107.745 -9.553 11.6 5.1
91.27 35.289 10 5.4
92.016 33.205 44.4 5.2
92.701 6.791 35.3 5.1
101.267 -3.086 58.4 5
98.704 -2.035 24.8 5.2
101.433 -3.185 49 5.1
97.158 1.324 19 5.5
97.191 1.344 16 5.7
91.824 11.005 17 6.6
91.777 10.894 17 5.9
92.003 10.89 10 5.2
96.666 0.206 35 5.1
91.782 10.892 25.7 5
91.899 10.873 29 5.1
91.712 10.847 15 6.1
91.925 10.902 20 5.4
91.728 11.003 24.1 5
91.64 10.75 23 5.2
88.343 35.711 10 5
88.307 35.658 10 5.5
88.36 35.777 10 5.2
122.423 15.286 26.4 5.4
122.491 15.254 26.6 5
91.695 10.742 10 5
122.491 15.329 17.7 5.1
101.137 -1.831 53.9 5.3
107.619 -9.517 15.6 5.3
121.132 21.023 6 5.5
121.138 21.07 10 5
121.149 21.014 14 6.2
96.518 2.177 24 5.6
104.116 31.562 10 5
92.079 33.171 20.3 5.3
104.197 31.643 16 5.1
96.953 -0.444 35 5.2
111.225 -8.636 77.8 5.3
105.498 32.752 4 5.5
105.542 32.747 10 5.7
101.658 -3.448 75.3 5.1
91.659 11.611 11.6 5.1
119.666 19.184 23.4 5.2
94.642 23.577 94.2 5.2
99.792 -1.069 84.5 5.3
118.634 13.659 62.3 5.4
104.722 32.033 11 5.7
120.757 13.516 135.1 5.6
120.305 -8.201 39.9 5.1
105.494 32.756 6 6
93.581 13.865 35 5.2
91.969 33.118 10 5
117.665 -8.131 30.7 5.9
117.809 -8.166 32.6 5
101.076 -3.942 23 5.8
100.993 -3.907 36.3 5.3
121.518 21.574 63.4 5
91.814 11.055 20 6.2
91.757 11.025 29.5 5.3
91.711 10.947 13 5.7
91.79 10.985 10 5.3
104.227 31.868 10 5
91.92 33.628 10 5.3
97.919 25.051 45.5 5
119.995 14.906 35 5.1
122.602 23.853 6.6 5
97.697 25.039 10 6
119.731 -0.294 56.8 5
103.043 -5.627 18.3 5.2
83.52 30.901 12 6.7
83.377 30.712 10 5
83.38 30.797 10 5.2
83.523 30.831 10 5.2
83.285 30.634 10 5.1
83.473 30.928 21.4 5
104.469 -6.338 21.7 5.7
83.284 30.659 10 5
119.092 -8.632 165.5 5
121.024 1.022 566.7 5.2
101.889 26.241 11 6
83.44 30.755 10 5
101.97 26.232 10 5.6
101.464 -4.477 24 5
98.089 0.489 35 5.1
120.572 -8.277 190.5 5.1
97.78 24.869 10 5
92.389 12.943 40.3 5
100.506 -2.222 66.9 5.1
103.058 -3.935 25.2 5.2
122.57 24.666 101.8 5.5
96.292 2.452 39.7 5
83.591 30.783 10 5.3
83.397 30.795 7.3 5.4
96.323 2.506 43.2 5.5
105.629 32.911 10 5.1
102.22 -5.212 18.1 5.1
91.784 10.932 11.6 5
96.081 15.583 35 5.2
83.487 30.836 4 6
120.575 13.469 10 5.7
120.548 13.477 11 5.9
120.277 13.342 10 5.1
96.203 2.28 35 5
120.444 13.367 10 5.5
120.569 13.465 10 5.2
91.659 10.764 19 5.6
90.35 29.807 12 6.3
90.461 29.752 10 5
90.42 29.806 10 5.1
90.32 29.653 10 5.2
94.534 5.42 60.4 5
90.328 29.757 9 5.5
110.122 -5.609 532.9 5.2
97.966 1.962 61.1 5
104.751 -6.058 77.5 5.1
120.681 0.109 96 5.9
91.262 35.343 8.8 5
100.75 -3.631 35.5 5.1
121.245 19.083 26.7 5
120.132 12.626 37.1 5
121.76 2.899 607.1 5
97.253 1.145 10 5.7
100.141 -0.255 126.3 5.1
102.186 -4.151 65.9 5
104.753 32.139 10 5
91.711 10.833 26.7 5.5
122.091 1.271 30 7.4
122.106 1.291 35 5.6
121.775 1.127 35 5.5
93.64 8.657 44.3 5.2
101.259 -4.348 24 6.3
101.421 -4.483 23.4 5.7
101.219 -4.61 35 5.1
101.764 -4.755 25 5.9
120.561 13.391 67.7 5
121.6 23.28 29.8 5.3
88.051 27.373 24.7 5.2
122.514 3.528 598.9 5
94.079 8.74 28.3 5.2
93.984 8.723 38.2 5.3
122.17 23.84 12.5 5.2
93.403 4.569 36.3 5
105.395 32.518 24.5 5.1
92.217 7.665 43.1 5.1
100.753 -3.649 14.1 5.7
105.333 -5.845 35 5.2
105.317 -6.02 40.9 5.1
101.042 -2.829 48.7 5.3
94.756 6.88 137.7 5
103.514 -6.072 35 5.2
95.898 22.746 10 5.3
95.04 4.833 56.3 5.4
120.57 22.95 10.8 5.1
105.098 32.275 10 5
118.459 -10.248 49.3 5.2
101.217 -4.297 20 5.9
101.191 -4.366 10 5.1
121.838 1.319 33.1 5.1
101.298 -4.332 19 5.5
101.236 -4.326 26.5 5.3
119.683 -8.161 175.2 5
121.745 24.163 9.9 5
121.856 1.095 50.4 5
94.169 6.449 35 5.3
100.723 -3.528 27.2 5.2
96.722 1.881 10 5
99.762 -2.235 16.3 5.1
119.737 16.094 65.8 5
99.726 -1.59 35 5
120.823 13.496 37.6 5.2
95.782 2.817 58 5.1
118.687 -7.748 38.4 5
121.247 19.217 35 5.1
120.993 0.47 88 5.1
115.025 -10.685 30.9 5.1
96.038 15.646 35 5
121.24 21.118 10 5.3
100.044 0.072 127.5 5
98.184 -0.352 10 5.7
117.55 -11.379 12.3 5.1
98.28 -0.262 20 5.7
98.416 -0.204 10 5
92.819 13.727 35 5.1
94.962 11.803 26.4 5.1
102.759 -4.546 50.7 5
121.373 -8.24 221.2 5.4
83.857 30.667 35 5.1
120.642 -7.389 586.4 5.2
98.548 0.479 35 5.4
120.538 -1.744 35 5.1
97.165 1.425 23 5.6
121.265 19.017 38.4 5.5
97.089 1.518 35 5.1
119.868 -1.105 11 5.6
104.792 31.799 10 5.1
95.445 2.798 26.8 5.2
95.993 15.577 7.9 5.1
91.688 10.67 10 5.1
105.096 32.386 10 5.3
95.049 4.674 35 5
94.38 5.364 50 5.1
94.31 5.257 58.9 5
98.554 0.728 89.6 5
106.154 -6.963 47.4 5
101.907 -5.963 35 5.6
100.628 -3.513 26.2 5.3
94.441 6.263 82.5 5.1
122.119 1.981 56.8 5.2
100.424 -3.079 19 5.7
100.471 -3.115 22 6.3
100.317 -3.327 7.7 5.5
100.461 -3.221 41.1 5
99.086 2.8 174.8 5.1
120.238 15.387 50.2 5.2
121.357 18.945 31.6 5
97.654 3.36 24.5 5.2
101.136 -5.443 31.1 5.2
101.241 -4.26 35 5
119.798 14.846 58.5 5.4
119.593 21.606 23.8 5
122.029 -8.41 38.7 5
118.387 -8.438 146.2 5.2
91.722 10.823 35 5.2
102.898 -4.885 22.2 5.3
117.2 -7.686 17 5.5
93.624 9.045 42.6 5.2
103.049 -4.99 46.2 5.4
94.996 12.14 26.9 5.2
94.831 12.034 14.8 5.1
98.792 -1.201 44.1 5
121.113 19.086 10 5
121.717 24.172 14.1 5.1
122.286 1.342 35.2 5
122.204 1.381 36.7 5.7
104.012 31.426 10 5.3
96.714 0.303 35 5
100.326 -1.053 35 5.1
102.3 -2.58 163.5 5
120.741 13.644 127.4 5.2
101.095 25.632 7 5.7
101.025 25.671 10 5.2
98.248 -0.322 46.5 5
122.14 9.93 14.6 5.1
119.32 -9.139 65 5.9
122.201 24.056 17 6.3
122.116 24.093 37.2 5
122.208 24.105 43.9 5.4
122.234 24.059 37.9 5.2
95.5 -8.956 21.6 5.4
117.792 -8.847 30.6 5.2
85.902 31.158 13.4 5.8
97.02 1.869 39.2 5.2
121.075 23.636 18.4 5.1
121.506 23.427 7.7 5
94.315 10.702 10 5
94.286 10.751 10 5.1
94.374 10.769 10 5.2
94.397 10.713 10 5.1
94.65 11.279 10 5
94.332 10.639 10 5.1
94.388 10.75 17.2 5
94.317 10.67 16.1 5.1
94.186 10.608 10 5.1
94.288 10.733 16.3 5
94.308 10.691 10 5.1
94.201 10.644 10 5
94.294 10.764 10 5
94.317 10.659 10 5
94.352 10.742 10 5
94.188 10.609 10 5.1
102.895 -4.811 40 5.7
94.122 10.591 10 5.2
101.705 -5.497 16 5.6
94.179 10.64 29.1 5
101.581 -5.517 3.9 5.2
120.447 21.984 11.1 5.4
118.752 -9.962 18.3 5.1
108.744 -8.795 17.5 5.4
92.902 14.099 24 7.5
94.793 24.323 99 5.5
93.723 9.018 50.7 5.1
92.821 14.052 35 5.9
93.023 13.961 25.6 5
96.625 4.603 54.3 5
99.49 -1.479 20 6.7
99.415 -1.548 10 5.4
99.433 -1.448 21 5.8
99.427 -1.565 10 5
99.404 -1.462 10 5.2
99.546 -1.379 30.4 5
101.81 -4.317 38.7 5.3
99.45 -1.436 10 5
97.964 -0.965 19.8 5.1
97.95 -0.911 10 5.9
99.371 -1.366 10 5.5
92.47 26.556 10 5
99.484 -1.419 10 5
120.523 22.274 30.2 5.1
96.971 0.27 35 5.4
121.495 20.085 35 5.2
99.572 -1.649 18.2 5.4
94.659 5.475 55.3 5
97.974 -0.939 35.8 5
95.101 25.28 82.2 5.3
107.297 -7.782 46 7
107.393 -7.817 51.8 5.5
107.449 -7.765 54 5.3
94.669 24.332 95 5.9
104.794 -6.286 46 5.1
110.628 -10.198 23 6.2
94.315 5.26 57.5 5
117.374 -7.782 268.1 5.2
120.897 1.118 22.5 5.8
103.626 -5.435 71.9 5
102.667 -4.499 69.6 5
120.429 12.616 12 5.9
115.593 -9.138 79 5.7
99.966 0.53 38.4 5.1
91.437 27.332 14 6.1
94.793 20.404 84.2 5.7
120.502 12.473 10 5.1
83.49 30.888 10 5
99.867 -0.72 81 7.6
100.132 -0.729 83.3 5.4
101.524 -2.482 9 6.6
101.424 -2.415 10 5.3
121.731 -0.818 53.9 5.2
121.452 23.63 28 6.1
122.371 4.079 574 6.8
122.459 4.001 590.8 5.4
122.391 3.871 602 5.1
105.223 -6.534 38 6.1
105.18 -6.452 35 5.2
120.655 13.704 155.6 5.7
100.541 -1.74 73.8 5
104.61 31.971 38 5.1
99.457 34.898 38.8 5.1
118.793 -9.896 35 5.6
118.685 -10.04 17.4 5
105.238 32.522 14.3 5.2
91.417 27.262 26 5.1
91.759 8.151 29.6 5
120.818 1.16 19.5 5.2
102.979 -5.003 67.5 5
92.968 14.032 15.7 5.4
120.744 23.731 18 5.6
120.841 23.655 10 5.2
86.008 29.49 5.7 5.5
118.631 -8.207 18 6.6
91.899 8.082 23 6
118.981 -7.954 35 5
98.418 0.347 52.1 5
104.276 -5.869 50.3 5
103.121 -4.731 69.2 5.4
107.506 -9.29 40.9 5.2
83.448 30.762 19 5
92.784 13.627 39.2 5.1
118.848 -10.435 35 5.1
118.885 -10.403 15 6
92.793 13.622 33.6 5.3
118.944 -7.89 10 5
103.105 -4.803 73.3 5
95.91 2.759 21 6
121.605 23.796 43 6.4
96.062 2.675 43.9 5.5
121.485 17.284 10 5.3
99.393 -1.434 19 6
121.646 0.457 123.2 5
92.862 14.001 42.6 5
94.807 24.357 124.8 5.6
91.51 27.319 10 5.5
99.866 26.29 10 5
83.791 30.646 10 5.2
121.309 -2.439 38.2 5
107.879 -7.907 65.2 5.1
122.201 1.446 32.5 5.2
93.789 3.025 36.9 5
110.736 35.515 28.7 5
120.653 0.26 93 5
99.093 -0.324 63.9 5
108.788 -9.832 16.1 5
121.207 19.024 39.7 5.2
105.668 30.268 10 5.1
100.906 -2.878 50.7 5
121.126 20.989 24.5 5
97.063 1.522 30.9 5
111.025 -9.26 35 5
113.845 -9.905 51 5.8
121.151 19.038 10 5
93.136 4.624 34.1 5.3
121.22 20.951 26.5 5
101.903 25.523 10 5.2
86.745 28.474 89.1 5.1
99.015 2.112 58.1 5.1
121.327 19.134 37.9 5.2
105.171 32.302 37.9 5
122.399 18.182 17 5.8
104.609 -7.382 35 5
120.795 22.918 21 6.3
120.769 22.901 23.9 5.2
100.991 -3.762 26 6.8
100.943 -3.758 35 5.4
86.966 36.426 10 5.1
94.623 23.062 102.1 5.5
97.171 1.323 19 5.8
83.703 -2.746 28 5.8
102.828 -4.643 70 5
120.731 0.849 28.7 5
120.742 18.451 32 5.9
92.708 32.509 7 5.7
92.826 32.516 19.7 5.4
120.071 13.827 16 6
92.831 13.667 34 6.6
117.432 -8.971 44.9 5
97.048 2.383 31 7.8
97.17 2.346 35 5.3
96.721 1.911 28.1 5.1
96.928 2.63 35 5.1
122.023 23.251 35 5.3
101.728 -5.556 13.7 5.2
97.205 2.383 57 5
119.69 16.293 52.3 5
91.843 7.805 21.1 5.2
121.441 23.122 1.4 5
96.548 33.165 17 6.9
96.86 32.925 22.8 5.4
96.546 33.126 10 5.2
96.449 33.195 7.6 6.1
96.617 33.071 10 5
92.826 32.514 35 5.3
120.434 19.572 39.3 5
101.424 30.432 10 5.1
93.163 19.392 35.9 5.2
117.465 -8.966 44.7 5.1
92.777 13.624 35.8 5
122.563 -0.659 23.1 5.1
101.096 -4.054 27 6.5
101 -3.879 27.8 5.2
118.259 -8.085 12 5.9
122.485 -0.732 20 5.7
96.018 3.748 38 7.2
119.299 -1.421 35 5
95.845 3.498 40.5 5.4
120.071 -1.34 34.2 5.1
93.18 14.423 38.7 5.3
119.718 -7.528 49.2 5
107.22 -7.845 34.2 5.3
105.161 -6.641 38.9 5.4
103.547 31.152 10 5
121.448 -10.116 35 5
100.966 -3.864 24.1 5.3
96.07 33.165 7 5.8
93.471 11.132 112 6.5
96.15 33.335 24.2 5.5
95.785 4.778 74 5.4
96.087 33.3 10 5.1
108.279 -9.555 35 5.1
112.451 -8.572 87.6 5.1
119.392 17.764 24.8 5.1
120.092 1.022 40.2 5.1
91.936 7.881 35 7.5
91.967 7.674 35 5.2
92.09 7.86 37.3 5
91.992 7.779 35 5.2
91.895 7.794 27.7 5.2
121.62 24.04 16.7 5.3
91.823 7.404 35 5
119.35 -1.461 54.7 5.4
111.34 -8.58 73.9 5
93.087 13.197 20 5.9
91.879 7.563 27.8 5
91.958 7.696 20.5 5.5
91.979 7.622 26.1 5
91.856 7.588 35 5.2
108.089 -8.07 68 5.9
101.342 -4.489 27.6 5.4
95.347 14.002 34.8 5
95.768 13.417 39.6 5
99.786 -0.739 88.6 5
97.187 1.243 37.6 5.1
92.249 10.227 24.8 5.4
93.26 14.372 35 5
122.11 24.421 24.6 5
122.596 24.753 126.3 5.2
105.495 -6.04 67.6 5.1
91.898 7.596 42.8 5.2
97.144 1.394 32.6 5.1
97.182 1.369 42.9 5
118.584 -8.275 40.4 5.1
118.591 -8.234 47.6 5
122.47 24.131 26.9 5.1
101.131 -5.001 25.7 5.2
102.451 -4.533 35 5.1
99.541 0.997 42 5.3
99.533 -1.348 35 5
120.636 -1.422 46.6 5.1
120.84 22.759 32 5.2
104.618 -6.498 41.7 5.4
93.246 10.94 83.8 5.1
103.964 -6.35 47.1 5
94.829 30.309 44.8 5
112.995 -6.082 598.5 5.3
92.817 13.608 20.9 5.2
107.058 -7.495 37.4 5.3
100.574 -3.953 35 5
112.53 -8.546 73.6 5
94.973 11.602 13.8 5.4
95.071 11.141 20 5.1
96.717 2.221 24 5.9
121.983 24.754 8.1 5.1
122.185 24.9 15.4 5
92.563 12.788 24.7 5.1
101.961 -3.65 73.2 5.6
103.585 -4.118 138.5 5.2
103.461 -6.917 8 5.5
96.312 33.279 2.4 5.1
90.648 23.407 10 5.1
94.057 7.788 10 5.8
96.934 1.941 25.6 5.3
94.736 4.998 54.9 5
121.472 19.706 15 5.8
94.736 5.045 55 5.2
113.794 -10.925 15.4 5.3
104.998 -6.532 53.7 5.1
122.157 19.354 30.4 5.5
122.246 19.427 38.5 5
95.389 3.663 44.6 5
94.341 6.63 94.3 5.3
92.355 12.964 35 5
104.212 28.031 35 5
100.082 -3.487 20.1 7.8
99.938 -3.414 25.6 5
100.372 -2.958 26 6.3
100.504 -2.963 31.8 5.7
100.093 -2.809 18.9 5
100.463 -3.301 19 5.9
99.476 -3.411 10 5
100.261 -3.262 10 5
99.749 -3.698 10 5.2
99.918 -2.494 31.6 5.2
99.789 -3.597 4.9 5.1
99.623 -3.783 11.9 5
99.853 -2.36 25.3 5.4
99.663 -3.496 32.1 5.1
99.855 -3.538 10 5
99.648 -3.423 5.1 5
100.043 -3.456 9.4 5.1
104.058 -6.345 57.1 5.1
87.506 36.636 10 5.2
110.026 -8.634 63 5.4
99.417 -1.735 27.8 5.4
107.206 -7.865 56.8 5.1
119.868 14.923 21 5.5
122.493 24.14 43.4 5.2
101.266 -3.112 58.9 5
100.119 1.181 213.3 5.7
121.658 23.827 47 5.6
95.739 6.443 264 5
121.408 20.162 28.1 5.2
90.329 29.775 10 5.3
99.041 2.689 160.1 5.6
100.16 -3.781 35 5.1
122.031 0.257 210 5.1
117.707 -5.971 31.1 5.4
104.008 -6.259 42.8 5.7
119.812 -8.092 191.2 5.4
94.667 5.42 55.2 5
111.197 -8.7 54.6 5.6
95.893 2.715 21 5.8
95.916 3.931 41.8 5.4
119.951 -7.999 206.8 5.5
86.508 30.942 21.9 5.1
97.918 24.653 21.4 5
101.428 -4.458 21.6 5.7
99.996 -2.654 12.7 5.3
90.414 4.243 17 5.5
120.086 -1.154 10 5
105.083 -6.961 35 5
96.28 2.491 17 5.7
96.269 2.369 10 5
96.285 2.399 10 5.4
100.539 -3.611 26.8 5
102.647 -5.03 36 6
96.404 2.632 21 5.9
95.521 2.887 28.3 5.2
95.516 2.903 24 5.6
102.141 -4.247 56 5.3
108.242 9.888 10 5
96.829 2.205 23 6.1
121.834 24.166 21 5.2
94.109 10.622 21.8 5.6
94.68 24.618 85 6.2
104.067 -8.283 7 5.6
98.817 0.809 75.2 5.1
113.88 -9.996 50.3 5.2
121.188 21.101 25 5.4
121.483 -2.497 16.2 6.1
97.886 1.898 53 5.2
97.198 1.36 40.4 5.3
120.648 14.127 140.9 5.2
100.996 -3.047 50.1 5.1
107.187 -6.556 187.4 5
95.958 3.973 63.2 5
101.123 -4.424 19.5 5.1
92.411 8.655 23.7 5.3
121.447 18.703 61.4 5.3
97.957 24.727 10 5.5
116.72 -6.873 510.6 6.5
120.739 13.735 103.3 5
97.449 0.83 35.6 5.1
121.445 22.323 10.1 5.4
121.246 18.994 27 6
120.566 13.915 101.8 5.5
99.822 20.687 8 6.9
99.77 20.65 10 5.7
99.879 20.712 10 5
99.084 1.14 110.4 5.2
100.114 20.737 27.7 5
107.693 -9.848 14 6.7
106.22 -6.93 82.7 5.2
97.086 1.612 20 6
120.126 13.872 64.4 5.2
100.757 31.373 42.7 5.4
121.321 18.911 40.4 5
121.234 21.027 20.7 5
108.477 -8.081 95.4 5.6
95.756 4.032 44 5.4
122.008 21.134 181.1 5.3
100.631 -3.528 24.9 5.3
121.845 24.616 78.6 5.1
101.848 -4.893 26 5.6
99.945 0.762 138.1 5.1
107.647 -9.977 10 5.2
105.421 32.503 10 5
112.585 -9.203 28 5.7
112.561 -9.292 35 5.1
121.716 17.188 35.4 5.1
121.762 24.094 5.9 5
120.754 13.595 148.6 5.7
102.424 -5.272 39.9 5
102.265 -4.178 53.6 5
121.673 -8.295 30.5 5.3
103.406 -7.104 35 5
103.493 -5.704 32 5.7
108.754 -8.756 45.3 5.1
101.757 -7.715 13 5.9
121.409 22.242 42.7 5
88.019 27.529 45.7 5
92.459 9.635 45 5.5
96.78 1.171 20.9 5.3
99.225 1.831 17 5.5
99.109 1.844 22 5.6
104.677 -6.96 35.8 5
99.108 1.847 24.8 5
101.361 -3.247 57.1 5.4
98.721 25.075 39 5
100.145 -1.843 41.5 5.1
95.948 32.447 29.3 5.3
122.471 -8.926 119.7 5.5
101.889 -5.044 31.6 5.2
121.743 0.938 59.6 5
97.166 1.423 38.9 5.2
97.062 1.402 27.2 5
122.262 9.531 10 5
121.694 -4.061 35 5.5
121.677 -4.148 37.6 5.2
122.175 9.509 19 6.4
122.179 9.571 10 5.3
122.275 9.667 10 5.1
122.232 9.503 10 5.3
122.43 9.612 10 5
122.256 9.583 10 5.3
122.335 9.668 10 5.1
122.295 9.696 10 5.4
121.519 23.43 34.9 5
122.301 9.695 10 5
106.489 -6.64 94.8 5
122.381 23.592 12.5 5
106.458 -7.197 59.1 5
120.043 14.947 35 5.9
99.215 0.028 79.4 5.1
87.574 33.739 13.6 5.3
100.191 -3.413 14.4 5.2
98.787 0.97 78.6 5.2
101.09 -2.837 35 5.8
101.092 -2.909 44.8 5.3
111.294 -5.824 510.3 5
98.73 24.932 40.1 5.1
121.233 19.096 37.8 5.4
120.955 13.339 162.8 5.3
102.794 -4.835 63.8 5
104.054 -6.282 29 6.1
97.893 2.965 91 6.7
103.836 -6.269 51.1 5
103.714 -6.141 50.4 5.2
119.369 18.222 8.4 5
88.155 27.73 50 6.9
117.82 -9.587 46.2 5.2
103.048 -4.071 108.8 5.1
92.424 12.745 37.3 5.1
95.838 12.969 46.8 5.2
95.784 12.989 15.1 5
120.246 -9.227 84.6 5
100.616 -3.796 10 5
114.587 -9.35 39 6.1
96.18 2.448 35 5.4
120.049 13.811 47.7 5
104.128 -7.825 9.4 5.1
99.94 -2.456 21.4 5.2
94.259 5.136 61.3 5
101.345 -3.249 36 5.6
105.319 32.531 39.5 5
104.172 34.538 31.9 5
115.758 -8.808 98.1 5
103.792 -7.16 24.9 5.1
106.301 -6.132 163.8 5.2
121.914 -0.095 276.2 5.7
95.232 24.96 107 5.7
99.446 -2.219 21.7 5.2
99.448 -2.266 25 5.2
99.514 -2.288 35 5.2
121.662 1.339 48.6 5
109.888 -8.644 90 5.1
97.874 0.175 18 5.4
116.983 -7.019 616.5 5.8
97.602 25.2 35.3 5.2
102.176 -4.323 48.4 5.3
118.999 15.455 9 6
119.216 15.354 10 5
118.47 -8.058 197.5 5
93.843 7.805 6 5.6
93.97 7.839 23.6 5.1
83.823 31.804 6.7 5.1
121.974 -0.626 10 5.5
120.499 0.121 75 5.5
93.851 7.731 37.5 5.1
94.023 7.725 35 5.1
93.243 4.193 6.1 5.2
102.134 -10.75 10 5.1
119.638 -1.265 10 5.7
103.174 -7.224 35 5
107.77 -9.106 40.7 5.1
97.225 0.032 26.4 5
120.64 13.188 70.5 5.2
92.987 7.189 40.3 5
104.341 -5.841 59 5.3
96.419 4.547 35 5.2
99.069 -0.935 41.7 5.1
121.191 19.254 21.6 5
93.21 2.433 19 7.2
92.937 2.386 10 5.1
96.273 2.405 39.6 5.1
121.156 19.202 17 5.8
119.701 -8.406 126.3 5.7
93.018 2.732 10 5.1
116.013 -10.369 7 5.1
121.205 19.251 18.9 5.1
96.678 2.07 35 5.1
96.647 2.072 40.3 5.2
102.203 -3.676 80.3 5.4
122.602 24.699 121.5 5.1
121.5 19.684 39.2 5
119.951 -0.462 45.1 5.1
92.9 6.306 8.9 5
82.787 32.388 21.9 5.2
99.562 1.846 192.6 5.2
94.4 4.99 33.3 5.3
103.103 -4.695 35 5
120.891 22.661 28 5.9
102.706 -4.323 72.9 5.1
97.062 4.197 46.1 5.1
93.691 8.571 16.8 5.4
93.873 8.559 19.8 5
100.16 -0.836 101.8 5.2
120.556 13.592 49.5 5.1
120.519 13.57 49.4 5.3
93.854 10.535 58.2 5
119.927 -0.882 42.8 5.1
87.777 26.087 28.8 5
101.235 -4.403 15.7 5.2
95.115 4.616 59.3 5.2
100.426 -3.345 13.6 5.5
100.452 -3.346 10 5.1
122.35 24 10 5.3
93.063 2.327 20 8.6
91.748 1.271 10 5.8
89.441 2.199 10 5.9
91.785 1.636 10 5.3
91.923 0.916 10 5
91.802 1.252 10 5.2
91.735 1.254 10 6
90.299 2.521 10 5.3
90.351 2.483 10 5.3
90.062 2.594 10 5.1
92.726 2.668 10 5
92.482 2.822 13.9 5.3
91.87 1.167 10 5.4
92.463 0.802 25.1 8.2
92.482 0.604 10 5.1
92.855 0.734 10 5.4
91.958 1.084 10 5.3
89.544 2.913 10 5.7
92.493 2.235 10 5.1
92.631 1.347 10 5.1
92.797 3.163 15.8 5.1
92.626 2.583 10 5.1
90.78 4.601 17.3 5
93.584 2.164 10 5.3
90.854 1.495 5 5.5
92.11 1.107 8 5.2
92.287 2.539 7 5
89.933 2.833 10 5.1
90.833 1.477 10 5.3
91.9 1.276 10 5.3
92.311 1.269 10 5
90.164 2.674 26.3 5.1
92.2 2.945 13.9 5.2
92.863 3.368 15.3 5.1
92.694 2.475 10 5.4
92.092 1.19 14.5 5.5
91.662 0.306 10 5.2
92.496 0.619 9.1 5.1
89.556 2.865 6.6 5.4
89.685 1.841 10 5.8
92.158 0.252 10 5.1
91.754 1.301 10 5
91.717 1.172 10 5
93.9 1.983 10 5
93.401 2.396 10 5.2
93.746 3.279 10 5
92.746 3.753 10 5.3
89.705 2.653 14.2 5
90.347 2.589 10 5.1
92.141 0.244 22.9 5.4
105.457 -6.81 62.7 5.8
105.444 -6.777 68.1 5.3
94.079 2.835 10 5
90.269 2.581 25 6.2
121.855 -2.64 13 5.8
92.417 0.798 23.5 5.3
92.235 0.176 10 5.2
121.939 -2.58 10 5.3
94.621 5.373 60 5.1
92.61 2.584 10 5
92.541 3.329 23.6 5
92.766 3.586 10 5
121.67 24.13 29.1 5
91.901 2.564 10 5
92.334 2.025 10 5
93.824 3.249 19.4 5.2
93.853 3.256 24.6 5.7
93.821 3.269 21.9 5.9
93.36 2.158 28 5.8
93.723 3.268 10 5.2
91.745 1.379 6.1 5.1
93.949 8.868 14.1 5.5
91.724 1.154 10 5.1
93.945 9.011 9 5.7
93.906 8.945 11.6 5.3
93.882 8.826 22.9 5.1
94.459 2.696 7.9 5.6
121.913 -2.662 10 5.1
100.439 -3.338 7.4 5.3
94.509 2.704 14.1 5.7
89.598 1.757 10 5.7
93.327 14.405 35 5.2
105.422 -8.354 18.7 5
92.962 3.314 10 5
121.906 -2.613 10 5.1
89.719 2.001 10 5.1
92.889 26.175 43.3 5.4
89.416 -3.347 12 5.3
89.561 2.71 10 5.1
103.03 -4.9 60.2 5
100.155 -2.82 37.7 5.2
106.371 -7.692 50 5.9
94.672 5.482 54.4 5.3
121.428 22.357 24.3 5.5
122.248 24.572 70 5.9
105.494 -5.677 163.9 5.5
121.584 23.699 9.2 5.2
119.563 15.593 28 5.9
121.574 23.647 6.9 5
100.99 -2.921 55.7 5.1
103.194 -4.928 69.5 5.2
97.896 3.009 95 6.1
90.509 2.628 16.5 5.5
100.781 27.767 10 5.5
119.938 -8.304 61.2 5.2
94.696 25.592 58 5.6
100.591 -3.638 45 5
96.529 25.347 31 5.1
94.48 25.424 52.1 5.2
102.794 -4.381 63.9 5.3
96.427 24.998 22.6 5.1
96.045 2.707 22 6.4
94.299 22.935 75.3 5.7
104.418 -5.997 66.4 5.2
103.086 -4.769 70.5 5.2
96.324 26.103 55.6 5.1
100.471 -1.758 72.2 5.1
96.296 4.857 36.5 5.3
94.849 30.352 24.1 5
116.363 -8.718 107.2 5.3
96.965 1.901 8 5.1
120.096 -1.315 10 6.3
94.753 5.063 40.6 5.2
92.889 3.318 22.8 5
102.995 -4.749 66.3 5.2
92.056 -0.172 15.1 5.6
92.008 -0.177 10 5.1
82.69 28.47 28.4 5
99.031 2.376 149.5 5.2
92.802 10.21 57.6 5.2
92.986 4.409 22.7 5.3
113.931 -10.708 14 6.1
113.962 -10.839 10 5
113.822 -10.771 10 5.2
113.911 -10.652 14.1 5.2
121.135 22.174 11.9 5
122.341 24.026 40.1 5.1
103.983 27.575 10 5.5
104.007 27.572 10 5.3
113.833 -10.73 4.8 5.4
93.616 10.459 38.7 5.2
99.267 24.647 10 5
113.832 -10.705 10 5.3
113.98 -10.901 10 5.1
113.755 -10.768 10 5.4
100.594 -3.319 19 6.2
113.865 -10.732 10 5.7
113.883 -10.738 10 5.3
103.739 -6.169 35 5.2
98.817 -0.065 72.1 5.3
92.78 6.107 23.2 5.3
120.723 13.847 154 5
101.919 -2.917 105.1 5.3
92.818 26.879 36.8 5.2
97.672 -0.429 9 5.7
120.664 13.249 77.2 5.1
120.939 18.543 40.4 5.6
92.585 1.471 35 5.3
97.229 1.265 32.6 5
120.558 22.417 30.9 5
92.575 10.345 58.3 5
98.381 0.88 58.9 5.4
107.529 -6.762 142.1 5.7
122.105 1.229 35 5.4
121.64 -7.788 275.3 5.3
122.2 1.374 25 5.7
122.088 1.281 17.4 5
122.167 1.357 35 5.6
117.614 -7.947 35 5.3
97.464 0.886 22.1 5.2
106.666 -7.373 49.5 5.1
120.676 -8.887 10 5
95.885 23.005 13.7 6.8
95.832 22.72 6 5.8
95.866 23.132 28.4 5.5
95.943 22.895 10 5
122.472 9.982 40.9 5.7
121.454 22.339 17.7 5.2
117.931 -11.359 25 5.4
115.124 -8.918 78.5 5
102.826 -4.535 35.3 5.2
120.708 14.069 208.6 5.1
93.637 13.85 53.7 5.1
121.631 23.91 10 5
90.434 2.421 30.9 5.1
122.35 25.748 291.3 5.1
94.221 5.169 46.4 5.1
94.782 22.443 134.4 5.5
121.194 19.061 38.9 5.1
101.25 -7.893 20 5.1
122.55 24.043 24.6 5
105.283 -6.96 48.3 5
95.048 25.329 93 5.8
92.725 0.697 29.2 5.2
95.095 4.72 38 5.7
99.546 31.056 8 5.4
95.907 4.927 12 6.1
103.024 -5.063 63.6 5.1
94.68 32.921 21.5 5.2
105.372 -6.943 34.9 5
121.983 23.786 35.5 5.2
100.279 -1.537 10 5.3
98.945 1.361 96.3 5
101.297 -2.99 55.3 5.3
85.651 34.292 10 5.4
92.222 24.677 38.7 5.2
99.812 25.98 8 5.2
121.49 24.31 15.2 5.5
117.193 -11.458 10 5.1
120.278 -9.353 68.7 5.5
121.215 23.828 19 5.9
95.646 19.223 6 5.4
121.702 15.852 47.4 5.1
102.534 -4.146 70.5 5.1
95.745 19.247 10.7 5.1
98.645 0.219 31.8 5
106.072 -7.091 56.4 5.3
122.064 20.722 11.5 5.8
95.623 19.258 9.9 5.5
95.15 28.887 39.5 5.2
104.716 -6.149 63.8 5.2
99.691 -2.249 25.1 5
99.782 25.953 38.3 5.1
121.632 -11.976 15.2 5.8
102.888 30.308 14 6.6
102.862 30.209 10 5
102.998 30.282 10 5.1
102.95 30.187 10 5.1
103.06 30.339 10 5.1
103.015 30.225 10 5
102.998 30.317 15.7 5.2
104.956 28.382 10 5.3
95.918 3.886 61.1 5
119.839 0.141 58 5.3
119.826 0.168 44.1 5.3
91.548 2.714 10 5.4
107.914 -9.159 23.5 5.1
92.399 0.765 17 5.6
86.589 31.414 27.5 5.1
86.604 31.504 25.3 5.2
120.864 17.7 19.9 5.1
99.495 -3.952 20.1 5.3
121.141 23.789 17 6.2
102.381 -4.942 41.3 5.1
122.671 24.098 33 5.8
100.281 -1.78 35.4 5
107.236 -10.004 9 6.7
107.299 -9.997 6.3 5.4
115.856 -7.763 260.1 5
116.058 -8.305 46.5 5.1
91.246 9.379 30.5 5.3
122.232 24.09 15 5.7
96.665 4.645 13 6.1
96.65 4.664 10 5.5
96.705 4.65 10 5.3
100.564 -3.269 21 6
113.002 -8.803 60 5.7
100.458 -3.359 17.5 5.6
100.344 -3.395 7.8 5.1
121.52 24.255 10.3 5.2
97.969 5.375 29.3 5.3
117.165 -8.315 33.5 5
104.262 34.512 8 5.9
104.176 34.529 10.2 5.4
121.6 23.872 11.3 5
101.509 -3.607 57.4 5.2
94.7314 23.9377 100.98 5
86.4483 31.4444 8.91 5.2
110.9786 -8.6243 9.45 5.3
97.9565 30.0464 6 5.7
97.9241 30.0761 10 5.1
100.4032 -3.2883 19.18 5
121.299 -1.26 36.09 5
117.1954 -7.6383 290.19 5
121.5648 -0.872 11.02 5
94.3823 5.3568 51.29 5.2
114.3361 -10.5342 10 5.1
103.0449 -4.7331 68.99 5.1
95.8566 1.1821 12.89 5.2
99.3276 28.239 10 5.2
100.7661 -2.0273 62.95 5.4
99.3502 28.2425 8 5.6
99.3432 28.2199 10 5
122.3193 20.1721 175.23 5.9
92.5949 1.5892 25.99 5
95.9365 22.9608 10 5
122.2235 1.3814 22.5 5.6
122.2569 1.4292 35.17 5.2
95.9607 22.9341 4 5.7
120.0106 -7.3308 549.92 6.1
115.9595 -9.8648 39.88 5.2
119.0733 14.42 29.65 5.2
88.4022 27.2898 9.87 5.2
104.4756 32.0096 10.12 5
121.7886 -11.3943 8.4 5.2
103.0884 -5.7979 37.58 5.3
122.2107 0.7452 96.63 5.5
95.8634 3.9633 46 5.6
100.37 -1.9733 42.3 5
95.9709 5.1033 9.75 5.4
93.0654 14.2917 23 5.4
119.6285 -8.9987 37.56 5.1
121.4366 23.5904 10 6.3
89.6563 1.8252 9.66 5.1
93.6451 26.4118 34.32 5.4
90.0985 2.475 13.67 5
94.4584 5.394 47.72 5
122.4651 24.0755 26.25 5
90.0652 4.2077 10.01 5.7
97.1165 1.2945 16.42 5.1
95.1481 12.3975 10.26 5.5
92.8184 5.4216 15.61 5.5
86.8448 36.5757 7.18 5.4
98.562 0.2604 51.39 5.1
95.8701 28.8721 35.15 5
96.8261 2.044 20 6
96.6783 2.0338 18.08 5.4
101.9974 -5.7271 11.62 5.3
121.3719 -0.9503 47.9 5.1
110.4124 31.0656 17.8 5.1
102.578 -6.799 34.31 5
96.2285 4.242 90.23 5.1
120.3026 19.1308 16.49 5.1
120.1599 19.1552 10 5
120.2719 19.1181 10.95 5.7
120.3057 19.0589 20.61 5
120.1797 19.1223 10 5.2
120.0807 19.1673 10.28 5.2
120.2389 19.0868 10.07 5.1
120.2167 19.1548 15.15 5
120.1759 19.2744 14.06 5.3
120.1686 19.1457 9.97 5.1
105.3544 -5.9326 56.92 5.1
105.4281 -6.9559 42.78 5
120.3147 -7.1045 579 5.5
119.8555 18.0694 13.46 5
109.2653 -7.9855 66 6.1
109.3003 -8.0009 84.51 5.2
95.9078 23.0007 12.43 5.2
121.8534 13.5132 45.48 5.1
109.2927 -8.0452 87.85 5
93.9581 23.8428 59.11 5.1
120.2616 20.2386 10 5.2
95.0592 12.2849 34.18 5.2
89.2216 33.8784 10 5.2
120.4305 18.5285 20.23 5.5
119.8445 18.1504 19.05 5
97.2362 1.0765 28.02 5.1
97.2622 1.2069 12.46 5.3
120.2018 -1.1017 20 5.3
117.9568 -9.8174 33.74 5
120.5041 0.6015 89.29 5
120.3231 20.1818 9.98 5
94.2594 7.3016 102.47 5.1
117.1287 -7.6378 299.24 5.1
103.8116 -4.556 117.79 5.3
113.0771 -8.8939 78.97 5.3
95.7207 19.1942 24.93 5.1
94.3128 7.7631 10 5.5
100.4282 -3.9902 13.96 5.3
99.0717 2.8381 171.61 5.4
122.4217 24.1057 22.4 5.4
122.2613 24.109 20 5.8
114.2783 -9.653 51.41 5
94.3342 7.7448 21.54 6.4
94.2698 7.5417 10 5.5
94.1739 7.3232 10 5.1
94.1847 7.5037 10 5.2
94.3114 7.5875 9.99 5.1
94.2965 7.4454 9.96 5.2
86.7252 4.1909 12.96 5.4
110.7867 30.8369 19.71 5.1
86.4624 31.3961 13.47 5.3
102.2802 -5.2416 44.12 5.7
103.6189 28.1736 24.74 5.4
117.4864 -7.8158 277.39 5
120.2679 20.2667 12.08 5.2
110.3444 -9.0559 15.37 5.3
110.4197 -9.1005 36.93 5
98.3891 0.6258 43.07 5.4
91.598 4.0249 10 5.1
119.9499 17.3775 9.48 5.4
120.0732 19.7066 6 5.4
97.9671 1.9623 37 5.9
97.8773 1.8734 43.42 5.4
99.6696 19.6557 6 6.1
99.6272 19.7013 10 5
99.4702 19.6185 10 5
117.5407 -8.1326 229.29 5.2
122.0604 9.3832 15.46 6.3
102.9751 -4.9819 63.32 5
92.7574 4.2485 35 6
93.8608 3.1506 4.78 5.5
121.5005 23.7553 13 5.6
88.0376 18.2012 47.23 6
102.6381 -6.9447 29.82 5.2
97.8437 24.9737 8 5.8
104.121 -6.3382 37.61 5.2
119.488 -8.3109 170.59 5.2
97.845 24.9997 10 5.9
89.7759 2.017 20 5.7
122.2032 10.087 14 5.4
105.1835 32.4987 16.9 5
91.0921 -10.1229 4 6.5
97.0662 1.1765 36.22 5
102.3715 -2.7778 169.66 5.1
108.0537 -7.7615 72.02 5.1
120.6535 13.5968 73.41 5.4
118.1543 -9.6365 73.11 5.1
119.1915 13.8691 34.4 5
96.9388 1.9335 20 6
122.3626 23.3632 10 5
104.8194 -6.9793 6.16 5.2
100.0392 -2.1663 40.9 5
111.2529 -8.8188 52.51 5.5
119.7836 -0.3341 52.05 5
121.4699 22.1411 10 5.1
111.5753 -9.1269 35 5
93.0904 14.3603 12 5.3
87.7016 -10.2071 10 5.1
95.2033 12.4337 10 5.8
95.0439 12.3436 26.23 5.1
85.4967 29.2757 10 5.2
103.4086 27.1891 12 6.2
94.6532 5.3986 56.96 5.3
98.6285 0.156 56.04 5
94.5693 24.593 91.24 5
103.5463 28.1251 10 5
121.6876 19.4018 57.05 5
106.9751 -9.3949 24.08 5.1
122.4347 15.1713 10 5.2
105.3513 -6.2746 9.05 5
120.7759 5.0234 14.78 5.1
93.244 22.1989 10 5.4
94.4536 6.0429 69.16 5.3
92.5561 8.5661 39.08 5
97.2556 1.1462 36.63 5.3
97.2441 1.1309 38.59 5.1
102.4717 -4.6839 50.48 5
119.9809 0.1073 69.15 5.3
95.5588 6.0011 194.66 5
121.3705 22.7651 15.4 5
95.2254 12.5193 20.22 5.5
102.7906 28.3998 9.32 5.1
97.7681 36.3702 12.28 5.1
122.1187 11.3267 19.45 5.5
100.4702 23.3834 8.51 6.1
120.2004 20.2635 10 5.1
94.2408 7.5569 10 5
97.221 1.0484 26.76 5.1
93.4388 3.9505 12 5.3
107.1731 -6.4963 151.61 5.2
103.9472 -6.0198 75.07 5.1
112.7996 -10.2403 36.09 5
117.5894 -6.9881 535 5.7
105.9668 -7.4091 25.05 5
94.3316 7.4197 28.75 5.3
95.0654 4.78 39 5.5
94.361 7.5806 10 5.1
94.3042 7.4608 8 5.3
94.1965 7.4484 10 5.1
97.9208 1.6469 36 5.2
94.4211 20.7795 66 5.3
120.2684 19.5437 10 5.1
120.3532 19.5714 10 5.3
120.4268 19.6251 10 5.4
120.2589 19.4725 10 5
120.3597 -7.0617 589.36 5.1
94.359 7.484 6.61 5.6
94.3818 7.4528 10 5.2
120.4176 19.4713 10 5.3
122.0812 24.8846 10 5.2
94.3335 7.4278 27.22 5
93.5148 23.5081 49 5.6
120.0724 20.6545 4 5.8
101.7374 30.3398 9 5.9
96.155 2.7693 45.95 5.3
101.7618 30.1884 9 5.6
92.7957 12.5135 43.76 5.3
121.3651 2.2076 44.26 5
121.3733 19.8513 35 5.2
90.1419 3.4695 35 5
122.423 -2.9324 10 5.5
100.4736 23.3363 11 5.6
100.533 23.3577 10 5.6
121.1717 19.1304 45.57 5
122.4503 25.5403 256 6.1
120.0729 15.9963 56.95 5
100.1432 -3.8295 10 5.9
95.7664 2.7185 27.79 5.3
86.3702 27.7395 33.6 5
94.7191 6.9475 35 5.3
102.1848 -6.1283 12.66 5
94.6939 24.2001 99.66 5.1
121.5213 8.6341 8 6.1
122.5575 24.6707 103.89 5.2
120.6673 13.7483 110 5.5
121.7 24.26 22 5.1
96.0946 2.5913 49.94 5.1
120.2456 14.7709 59 5.9
103.1991 29.3525 10 5.3
119.9664 0.1436 61.85 5.2
102.7939 -4.762 63.5 5.2
120.641 13.9467 145.98 5.3
120.6895 13.9268 149.83 5.3
119.7571 4.6079 11 5.5
102.4643 -5.3762 36.51 5
121.3316 19.4962 29.77 5
122.3764 9.6106 56.84 5.1
97.2402 1.3368 12.58 5.7
105.3624 -6.1192 43.17 5.2
83.4305 32.866 10 5.1
104.8941 28.3512 10 5
119.3699 -2.4318 37.28 5.6
120.6226 14.0028 134.89 5.1
92.3474 13.2332 20.15 5.1
121.427 22.6374 30 6.2
119.8398 6.0816 9 5.7
122.5348 -7.2968 552.06 7
118.8202 -8.9066 117.87 5.1
98.8539 23.5657 10 5.2
98.7161 -0.7789 28 6.1
96.9588 0.2059 10 5.3
112.8854 -9.6876 49.71 5
122.3067 -0.5409 31 6.1
89.6231 1.9506 15.1 5.1
121.75 23.7235 35 5.5
121.9895 0.4002 118 5.9
108.8076 26.6884 17.09 5.4
102.6599 -4.4567 61.55 5.1
92.8474 14.0702 27.94 5.1
104.3352 -6.6535 35 5.1
98.958 1.895 122.67 5.3
122.3158 24.2026 29 6.4
122.4573 24.0958 35 5.2
102.4776 -5.6841 27 5.7
122.453 24.0851 29 6
122.4532 24.0471 29 6.1
92.9493 14.1208 27.07 5.1
84.7314 28.2305 8.22 7.8
85.5398 27.6285 10 6.1
86.0213 27.6857 10 5.6
84.492 28.2046 10 5.4
85.1141 27.8006 10 5.1
85.5854 27.687 10 5
85.8302 27.7435 10 5.1
84.8216 28.2244 10 6.6
85.2009 27.672 10 5
85.7505 27.8822 10 5.5
86.0061 27.7219 10 5.1
85.5955 27.8172 10 5
84.6218 27.9351 10 5
85.5058 27.5866 10 5.3
87.3173 28.3902 10 5.7
84.5594 28.0979 10 5.2
85.829 28.238 10 5.1
122.5368 23.9436 22.77 5.1
84.8715 27.7993 13.61 5.1
86.0173 27.7711 22.91 6.7
120.4098 -10.5892 35 5.1
85.865 27.8297 14 5
88.055 26.8644 31.71 5.1
112.9109 -9.4395 61.38 5
91.9645 10.7112 29.31 5.3
97.9026 1.5404 36 5.7
108.7317 -10.0218 10 5.1
86.0655 27.8087 15 7.3
86.2177 27.7141 13.01 5.5
86.2566 27.5589 10 5
86.2449 27.7458 10 5.4
86.1617 27.625 15 6.3
86.0161 27.7221 15 5
85.7574 27.7629 15 5.1
86.1316 27.7298 15 5.2
84.6384 27.783 10 5.2
86.0503 27.7199 8.38 5
102.2191 -2.542 151 6
86.0734 27.5603 7 5.5
103.0184 -4.7858 40.33 5.3
95.5695 4.6521 73.45 5
116.5409 5.9867 10 6
120.7255 -10.5215 35 5.1
116.6814 6.2053 7.25 5.3
93.5776 14.0119 48.57 5.2
120.6866 13.8112 137.22 5
90.41 26.6384 26 5.1
95.032 11.4234 8.71 5.5
120.6844 17.972 13.14 5.2
94.7348 4.9946 34.26 5.3
94.8689 30.4 10 5.1
120.9641 18.7989 10 5.4
96.2302 19.0777 9.49 5
94.7158 5.0563 23.68 5.2
108.9163 -8.2477 48 5.5
112.6695 -9.2585 52 5.9
122.3543 -2.7681 44.66 5.1
118.3035 -8.1731 10.26 5.1
95.1216 4.6798 46.98 5
115.9399 -9.7758 35.19 5.3
98.9226 1.0048 77.88 5.1
120.5114 13.4771 90.65 5
122.4897 23.9689 17.32 5.6
101.7758 -3.7469 57.25 5.1
86.0795 27.8355 10 5
93.3168 5.017 14.92 5.1
116.3414 -10.8411 34.44 5.1
121.5205 23.8865 19.11 5
107.2248 -8.043 37 5.4
96.337 2.2936 24.52 5.1
122.054 -0.7401 18.22 5
121.8676 24.2353 15.59 5.3
121.8286 24.2526 16.74 5.2
103.5743 -5.9788 11.28 5.4
122.6907 1.2844 6.57 5
103.7117 -6.0326 34 5.3
103.6444 -6.0758 35 5.1
107.4009 -8.0486 35 5.2
98.2297 34.2965 11.45 5.1
122.0479 24.7696 10 5.3
120.6172 13.8654 106 5.8
102.3868 -7.8487 10 5
97.0565 -1.454 21.02 5.1
99.5721 25.0907 24.61 5.2
121.6561 22.7548 7 5.5
105.0488 -6.7492 10 5.1
98.0365 0.5827 28.92 5.3
119.8464 16.4895 37 5.5
111.1987 -10.1753 10 5
98.8905 0.7863 69 5.7
94.5455 6.8782 8 5.5
94.6065 6.7923 10.13 5.1
94.479 6.769 9.75 5.2
94.4431 6.679 10 5.1
94.648 6.8431 10 6.6
94.7617 6.9335 10 5.2
94.534 6.984 10 5.6
94.8833 6.5177 11.83 5.3
94.8019 6.4078 10 5.5
110.2187 -8.9416 83.02 5.5
94.5324 6.8326 10 5.3
103.5931 -4.6682 114.05 5
103.6635 -6.328 29.7 5.1
85.6776 27.8525 16.51 5
96.5417 2.8539 44.95 5
105.9999 -7.0548 51.34 5.4
121.4008 22.5999 21.8 5.1
102.966 -4.9619 48.6 5.1
120.5815 17.7537 69.65 5.3
107.0225 -8.3684 27 5.7
117.6359 3.6455 14 6.1
93.6505 24.8036 55 6.7
121.0647 19.1416 10 5.2
117.6913 -9.4425 74.5 5.4
92.2672 0.4471 10 5.1
91.6264 32.6531 10 5.2
99.2857 -0.4798 61.72 5.2
96.6882 2.0699 16.49 5.3
121.3206 22.8626 27.1 5.6
119.4196 -10.3314 19.68 5.2
121.0908 19.3093 10 5
93.204 14.2933 10 5.1
122.2589 13.8147 27.79 5.2
122.3308 13.7942 10 5.3
85.3377 27.8782 23.53 5.2
120.6014 22.9375 23 6.4
119.4013 -9.6338 28 6.3
108.5707 -9.4645 8.14 5.1
84.6943 27.9633 16.72 5.1
95.0448 32.0565 10 5.1
111.5091 -8.7463 57.44 5.1
112.5355 -8.6191 78.32 5.1
94.3299 -4.9521 24 7.8
94.2744 -4.8224 12.33 5.1
94.4101 -4.794 10 5.6
94.4205 -4.1881 10 5.4
120.178 18.2038 10 5.4
102.3188 -2.8072 159.87 5.1
96.2001 3.1211 11.08 5.1
90.5452 25.7595 10 5
121.9964 20.0695 16.7 5.1
107.3857 -8.2036 29 6.1
102.211 -4.1489 41 5.7
94.8654 23.0944 136 6.9
122.0231 7.7917 17 6
97.9707 0.4499 10 5.1
93.6895 10.2153 10 5.3
94.3709 -4.5104 15.13 5.2
102.5747 -7.0247 10 5.2
121.1261 21.2173 10 5.3
121.8009 24.2309 13 5.5
121.3914 23.3187 10 5
104.6271 -5.0262 117 5.7
104.2658 -6.471 29.15 5.2
91.5047 11.3506 10 5.2
95.0268 32.0221 8 5.2
121.9839 24.6953 8 5.8
122.0531 24.6833 9 5.7
122.0235 24.7209 9.25 5.1
101.795 -6.8583 10 5.3
107.5385 -10.0709 10 5.2
87.5326 28.4538 9.36 5.4
87.4796 28.5654 4.44 5.1
122.5458 25.5615 246.4 6.4
100.6654 -2.0967 50 6.6
116.2669 -11.2487 19 6.1
121.0986 16.5742 8 5.4
121.0118 16.5545 36.67 5.1
101.2686 -3.3293 39.77 5.4
121.3782 20.1726 16 5.6
99.4112 -2.1865 6.78 5.3
97.4066 0.984 36.21 5.1
105.3444 -5.992 10 5.3
119.2173 -10.3268 49.24 5
100.0902 0.0313 8.07 5.1
102.3012 -4.5071 70.19 5.2
108.0124 -10.4691 10 5.4
121.2752 19.2138 10 5
101.2175 -6.7596 9 5.5
96.4342 14.9748 27.75 5
107.018 -9.5526 10 5
96.7462 2.0141 27.62 5
117.8136 -8.1935 21 5.6
94.9305 21.3109 131.47 5.1
100.3755 -6.0563 10 5
104.164 -5.9627 48.95 5
104.8479 -6.5866 44.17 5.1
104.9177 -6.5442 56.45 5.2
119.9051 -9.6475 48.88 5.4
122.1945 10.9027 29 5.4
102.8007 -5.1358 49.13 5
94.6983 23.8972 101.74 5
122.4345 -7.2872 533 6
122.5391 -7.2131 520.29 5.8
94.569 20.9228 82 6.8
100.1775 -2.9097 19 5.6
98.6145 0.5533 35 5.5
120.4097 -0.9389 27.22 5.1
111.6546 -9.8648 10 5.2
105.2056 -6.3091 10 5
101.7667 -4.9064 18.3 5.3
91.7111 10.1636 20.94 5
102.7537 -4.4346 59.05 5.5
99.6908 30.1819 21.99 5.2
99.6502 30.1768 21.01 5.3
119.7489 16.4787 10 5.4
99.1943 2.4941 158.4 5.1
121.4298 22.6242 14 5.8
120.7224 13.6557 118.2 5.1
120.8212 13.607 124.31 5.2
94.8796 32.9064 23.32 5.9
108.1627 -4.8626 614 6.6
94.5887 22.8923 110.08 5
95.4824 2.8662 29.27 5
104.8521 -8.1021 33 5.8
111.3859 -8.9995 35 5.1
