1.461 46 46 0.81 -0.38 -0.43 0.65 -0.37 0.55 25 X Y 200709190727A
1.502 46 46 0.96 -0.48 -0.48 0.65 -0.46 0.60 25 X Y 200801040729A
0.888 15 15 0.97 -0.51 -0.46 2.50 -1.70 0.55 25 X Y 200904152001A
2.603 15 15 -0.01 -0.88 0.89 0.30 0.17 0.25 26 X Y 200910010152A
0.008 12 12 1.91 -1.01 -0.91 5.03 -4.15 0.80 27 X Y 201010251442A
0.740 23 23 1.95 -0.88 -1.07 1.97 -1.36 0.94 25 X Y 201010251937A
0.933 12 12 0.99 -0.47 -0.52 2.28 -1.86 0.55 25 X Y 201209140451A
0.847 21 21 0.87 -0.38 -0.50 1.10 -0.72 0.46 25 X Y 201307060505A
2.992 158 158 0.38 -1.05 0.67 -0.10 -0.79 -0.81 25 X Y 201505152026A
0.780 28 28 0.82 -0.38 -0.45 1.42 -1.22 0.41 25 X Y 201902020927A
0.893 15 15 0.43 -0.15 -0.28 2.16 -1.60 0.26 25 X Y 201902021059A
