0.806 30 30 0.61 -0.23 -0.38 2.20 -1.51 0.42 25 X Y 011179A
2.502 26 26 -1.01 -6.66 7.67 1.43 -1.43 1.19 25 X Y 121579A
1.017 15 15 0.18 -0.21 0.03 1.01 -0.75 0.16 25 X Y 042889F
1.526 15 15 0.21 -0.13 -0.07 1.17 -0.83 0.22 25 X Y 042889I
1.464 20 20 0.85 -0.51 -0.33 1.57 -0.81 0.46 26 X Y 011601D
4.877 600 600 -0.80 0.46 0.34 -0.18 -0.45 -0.57 27 X Y 072504B
1.404 24 24 1.80 -0.89 -0.92 5.45 -3.46 0.97 28 X Y 200709121110A
1.692 52 52 0.86 -0.49 -0.37 0.62 -0.33 0.59 25 X Y 200709131609A
0.960 15 15 1.18 -0.62 -0.56 3.55 -2.14 0.82 25 X Y 200709140601A
0.931 20 20 0.88 -0.48 -0.39 1.77 -1.13 0.45 26 X Y 200710242102A
0.984 20 20 2.07 -1.06 -1.01 2.92 -1.41 1.32 25 X Y 200811221600A
0.867 20 20 0.50 -0.26 -0.24 0.96 -0.63 0.27 26 X Y 201003051606A
0.958 12 12 2.47 -1.25 -1.22 6.32 -4.26 1.46 25 X Y 201005051629A
-10.321 13 13 3.39 -2.79 -0.60 -2.56 0.41 -5.08 25 X Y 201406141111A
1.766 43 43 4.21 -1.82 -2.39 3.61 -2.88 2.21 25 X Y 201708130308A
1.041 12 12 0.45 -0.20 -0.25 1.25 -0.95 0.28 25 X Y 201910142223A
1.003 23 23 0.72 -0.39 -0.33 0.93 -0.63 0.38 26 X Y 202008182223A
0.938 25 25 1.23 -0.56 -0.67 2.71 -1.90 0.61 26 X Y 202008182229A
